% American Institute of Steel Construction, 2017.  All values are inches raised to the appropriate power.
% Shape, D, B1(2), t3, t1(2), k, k1, T
W44X335	44.0	15.9	1.03	1.77	2.56	1.75	38
W44X290	43.6	15.8	0.865	1.58	2.36	1.63	38
W44X262	43.3	15.8	0.785	1.42	2.20	1.63	38
W44X230	42.9	15.8	0.710	1.22	2.01	1.56	38
W40X655	43.6	16.9	1.97	3.54	4.72	2.19	34
W40X593	43.0	16.7	1.79	3.23	4.41	2.13	34
W40X503	42.1	16.4	1.54	2.76	3.94	2.00	34
W40X431	41.3	16.2	1.34	2.36	3.54	1.88	34
W40X397	41.0	16.1	1.22	2.20	3.38	1.81	34
W40X372	40.6	16.1	1.16	2.05	3.23	1.81	34
W40X362	40.6	16.0	1.12	2.01	3.19	1.75	34
W40X324	40.2	15.9	1.00	1.81	2.99	1.69	34
W40X297	39.8	15.8	0.930	1.65	2.83	1.69	34
W40X277	39.7	15.8	0.830	1.58	2.76	1.63	34
W40X249	39.4	15.8	0.750	1.42	2.6	1.56	34
W40X215	39.0	15.8	0.650	1.22	2.4	1.56	34
W40X199	38.7	15.8	0.650	1.07	2.25	1.56	34
W40X392	41.6	12.4	1.42	2.52	3.7	3.94	34
W40X331	40.8	12.2	1.22	2.13	3.31	3.81	34
W40X327	40.8	12.1	1.18	2.13	3.31	3.81	34
W40X294	40.4	12.0	1.06	1.93	3.11	3.75	34
W40X278	40.2	12.0	1.03	1.81	2.99	3.75	34
W40X264	40.0	11.9	0.960	1.73	2.91	3.69	34
W40X235	39.7	11.9	0.830	1.58	2.76	2.63	34
W40X211	39.4	11.8	0.750	1.42	2.6	2.56	34
W40X183	39.0	11.8	0.650	1.20	2.38	2.56	34
W40X167	38.6	11.8	0.650	1.03	2.21	2.56	34
W40X149	38.2	11.8	0.630	0.830	2.01	2.50	34
W36X925	43.1	18.6	3.02	4.53	5.28	2.31	32.38
W36X853	43.1	18.2	2.52	4.53	5.28	2.06	32.38
W36X802	42.6	18.0	2.38	4.29	5.04	2.00	32.38
W36X723	41.8	17.8	2.17	3.90	4.65	1.88	32.38
W36X652	41.1	17.6	1.97	3.54	4.49	2.19	31.38
W36X529	39.8	17.2	1.61	2.91	3.86	2.00	31.38
W36X487	39.3	17.1	1.50	2.68	3.63	1.88	31.38
W36X441	38.9	17.0	1.36	2.44	3.39	1.88	31.38
W36X395	38.4	16.8	1.22	2.20	3.15	1.81	31.38
W36X361	38.0	16.7	1.12	2.01	2.96	1.75	31.38
W36X330	37.7	16.6	1.02	1.85	2.8	1.75	31.38
W36X302	37.3	16.7	0.945	1.68	2.63	1.69	31.38
W36X282	37.1	16.6	0.885	1.57	2.52	1.63	31.38
W36X262	36.9	16.6	0.840	1.44	2.39	1.63	31.38
W36X247	36.7	16.5	0.800	1.35	2.3	1.63	31.38
W36X231	36.5	16.5	0.760	1.26	2.21	1.56	31.38
W36X256	37.4	12.2	0.960	1.73	2.48	1.69	31.50
W36X232	37.1	12.1	0.870	1.57	2.32	1.63	31.50
W36X210	36.7	12.2	0.830	1.36	2.11	1.63	31.50
W36X194	36.5	12.1	0.765	1.26	2.01	1.56	31.50
W36X182	36.3	12.1	0.725	1.18	1.93	1.56	31.50
W36X170	36.2	12.0	0.680	1.10	1.85	1.56	31.50
W36X160	36.0	12.0	0.650	1.02	1.77	1.56	31.50
W36X150	35.9	12.0	0.625	0.940	1.69	1.50	31.50
W36X135	35.6	12.0	0.600	0.790	1.54	1.50	31.50
W33X387	36.0	16.2	1.26	2.28	3.07	1.81	28.88
W33X354	35.6	16.1	1.16	2.09	2.88	1.81	28.88
W33X318	35.2	16.0	1.04	1.89	2.68	1.75	28.88
W33X291	34.8	15.9	0.960	1.73	2.52	1.69	28.88
W33X263	34.5	15.8	0.870	1.57	2.36	1.63	28.88
W33X241	34.2	15.9	0.830	1.40	2.19	1.63	28.88
W33X221	33.9	15.8	0.775	1.28	2.06	1.63	28.88
W33X201	33.7	15.7	0.715	1.15	1.94	1.56	28.88
W33X169	33.8	11.5	0.670	1.22	1.92	1.56	28.88
W33X152	33.5	11.6	0.635	1.06	1.76	1.50	28.88
W33X141	33.3	11.5	0.605	0.96	1.66	1.50	28.88
W33X130	33.1	11.5	0.580	0.855	1.56	1.50	28.88
W33X118	32.9	11.5	0.550	0.74	1.44	1.50	28.88
W30X391	33.2	15.6	1.36	2.44	3.23	1.88	25.75
W30X357	32.8	15.5	1.24	2.24	3.03	1.81	25.75
W30X326	32.4	15.4	1.14	2.05	2.84	1.75	25.75
W30X292	32.0	15.3	1.02	1.85	2.64	1.75	25.75
W30X261	31.6	15.2	0.930	1.65	2.44	1.69	25.75
W30X235	31.3	15.1	0.830	1.5	2.29	1.63	25.75
W30X211	30.9	15.1	0.775	1.32	2.10	1.63	25.75
W30X191	30.7	15.0	0.710	1.19	1.97	1.56	25.75
W30X173	30.4	15.0	0.655	1.07	1.85	1.56	25.75
W30X148	30.7	10.5	0.650	1.18	1.83	1.56	25.75
W30X132	30.3	10.5	0.615	1	1.65	1.50	25.75
W30X124	30.2	10.5	0.585	0.93	1.58	1.50	25.75
W30X116	30.0	10.5	0.565	0.85	1.50	1.50	25.75
W30X108	29.8	10.5	0.545	0.76	1.41	1.50	25.75
W30X99	29.7	10.5	0.520	0.67	1.32	1.50	25.75
W30X90	29.5	10.4	0.470	0.61	1.26	1.44	25.75
W27X539	32.5	15.3	1.97	3.54	4.33	1.81	23
W27X368	30.4	14.7	1.38	2.48	3.27	1.88	23
W27X336	30.0	14.6	1.26	2.28	3.07	1.81	23
W27X307	29.6	14.4	1.16	2.09	2.88	1.81	23
W27X281	29.3	14.4	1.06	1.93	2.72	1.75	23
W27X258	29.0	14.3	0.980	1.77	2.56	1.69	23
W27X235	28.7	14.2	0.910	1.61	2.40	1.69	23
W27X217	28.4	14.1	0.830	1.5	2.29	1.63	23
W27X194	28.1	14.0	0.750	1.34	2.13	1.56	23
W27X178	27.8	14.1	0.725	1.19	1.98	1.56	23
W27X161	27.6	14.0	0.660	1.08	1.87	1.56	23
W27X146	27.4	14.0	0.605	0.975	1.76	1.50	23
W27X129	27.6	10.0	0.610	1.1	1.70	1.50	23
W27X114	27.3	10.1	0.570	0.93	1.53	1.50	23
W27X102	27.1	10.0	0.515	0.83	1.43	1.44	23
W27X94	26.9	10.0	0.490	0.745	1.34	1.44	23
W27X84	26.7	10.0	0.460	0.64	1.24	1.44	23
W24X370	28.0	13.7	1.52	2.72	3.22	2.00	20
W24X335	27.5	13.5	1.38	2.48	2.98	1.88	20
W24X306	27.1	13.4	1.26	2.28	2.78	1.81	20
W24X279	26.7	13.3	1.16	2.09	2.59	1.81	20
W24X250	26.3	13.2	1.04	1.89	2.39	1.75	20
W24X229	26.0	13.1	0.960	1.73	2.23	1.69	20
W24X207	25.7	13.0	0.870	1.57	2.07	1.63	20
W24X192	25.5	13.0	0.810	1.46	1.96	1.63	20
W24X176	25.2	12.9	0.750	1.34	1.84	1.56	20
W24X162	25.0	13.0	0.705	1.22	1.72	1.56	20
W24X146	24.7	12.9	0.650	1.09	1.59	1.56	20
W24X131	24.5	12.9	0.605	0.96	1.46	1.50	20
W24X117	24.3	12.8	0.550	0.85	1.35	1.50	20
W24X104	24.1	12.8	0.500	0.75	1.25	1.44	20
W24X103	24.5	9.00	0.550	0.98	1.48	1.50	20
W24X94	24.3	9.07	0.515	0.875	1.38	1.44	20
W24X84	24.1	9.02	0.470	0.77	1.27	1.44	20
W24X76	23.9	8.99	0.440	0.68	1.18	1.44	20
W24X68	23.7	8.97	0.415	0.585	1.09	1.44	20
W24X62	23.7	7.04	0.430	0.59	1.09	1.06	20.75
W24X55	23.6	7.01	0.395	0.505	1.01	1.00	20.75
W21X275	24.1	12.9	1.22	2.19	3.37	1.81	17.25
W21X248	23.7	12.8	1.10	1.99	3.17	1.75	17.25
W21X223	23.4	12.7	1.00	1.79	2.97	1.69	17.25
W21X201	23.0	12.6	0.910	1.63	2.13	1.69	17.25
W21X182	22.7	12.5	0.830	1.48	1.98	1.63	17.25
W21X166	22.5	12.4	0.750	1.36	1.86	1.56	17.25
W21X147	22.1	12.5	0.720	1.15	1.65	1.56	17.25
W21X132	21.8	12.4	0.650	1.04	1.54	1.56	17.25
W21X122	21.7	12.4	0.600	0.96	1.46	1.50	17.25
W21X111	21.5	12.3	0.550	0.875	1.38	1.50	17.25
W21X101	21.4	12.3	0.500	0.8	1.30	1.44	17.25
W21X93	21.6	8.42	0.580	0.93	1.43	0.94	18.38
W21X83	21.4	8.36	0.515	0.835	1.34	0.88	18.38
W21X73	21.2	8.30	0.455	0.74	1.24	0.88	18.38
W21X68	21.1	8.27	0.430	0.685	1.19	0.88	18.38
W21X62	21.0	8.24	0.400	0.615	1.12	0.81	18.38
W21X55	20.8	8.22	0.375	0.522	1.02	0.81	18.38
W21X48	20.6	8.14	0.350	0.43	0.930	0.81	18.38
W21X57	21.1	6.56	0.405	0.65	1.15	0.81	18.38
W21X50	20.8	6.53	0.380	0.535	1.04	0.81	18.38
W21X44	20.7	6.50	0.350	0.45	0.950	0.81	18.38
W18X311	22.3	12.0	1.52	2.74	3.24	1.56	15.13
W18X283	21.9	11.9	1.40	2.5	3.00	1.50	15.13
W18X258	21.5	11.8	1.28	2.3	2.70	1.44	15.13
W18X234	21.1	11.7	1.16	2.11	2.51	1.38	15.13
W18X211	20.7	11.6	1.06	1.91	2.31	1.38	15.13
W18X192	20.4	11.5	0.960	1.75	2.15	1.31	15.13
W18X175	20.0	11.4	0.890	1.59	1.99	1.25	15.13
W18X158	19.7	11.3	0.810	1.44	1.84	1.25	15.13
W18X143	19.5	11.2	0.730	1.32	1.72	1.19	15.13
W18X130	19.3	11.2	0.670	1.2	1.60	1.19	15.13
W18X119	19.0	11.3	0.655	1.06	1.46	1.19	15.13
W18X106	18.7	11.2	0.590	0.94	1.34	1.13	15.13
W18X97	18.6	11.1	0.535	0.87	1.27	1.13	15.13
W18X86	18.4	11.1	0.480	0.77	1.17	1.06	15.13
W18X76	18.2	11.0	0.425	0.68	1.08	1.06	15.13
W18X71	18.5	7.64	0.495	0.81	1.21	0.88	15.50
W18X65	18.4	7.59	0.450	0.75	1.15	0.88	15.50
W18X60	18.2	7.56	0.415	0.695	1.10	0.81	15.50
W18X55	18.1	7.53	0.390	0.63	1.03	0.81	15.50
W18X50	18.0	7.50	0.355	0.57	0.972	0.81	15.50
W18X46	18.1	6.06	0.360	0.605	1.01	0.81	15.50
W18X40	17.9	6.02	0.315	0.525	0.927	0.81	15.50
W18X35	17.7	6.00	0.300	0.425	0.827	0.75	15.50
W16X100	17.0	10.4	0.585	0.985	1.39	1.13	13.25
W16X89	16.8	10.4	0.525	0.875	1.28	1.06	13.25
W16X77	16.5	10.3	0.455	0.76	1.16	1.06	13.25
W16X67	16.3	10.2	0.395	0.665	1.07	1.00	13.25
W16X57	16.4	7.12	0.430	0.715	1.12	0.88	13.63
W16X50	16.3	7.07	0.380	0.63	1.03	0.81	13.63
W16X45	16.1	7.04	0.345	0.565	0.967	0.81	13.63
W16X40	16.0	7.00	0.305	0.505	0.907	0.81	13.63
W16X36	15.9	6.99	0.295	0.43	0.832	0.75	13.63
W16X31	15.9	5.53	0.275	0.44	0.842	0.75	13.63
W16X26	15.7	5.50	0.250	0.345	0.747	0.75	13.63
W14X873	23.6	18.8	3.94	5.51	6.10	2.56	11.25
W14X808	22.8	18.6	3.74	5.12	5.71	2.50	11.25
W14X730	22.4	17.9	3.07	4.91	5.51	2.75	10
W14X665	21.6	17.7	2.83	4.52	5.12	2.63	10
W14X605	20.9	17.4	2.60	4.16	4.76	2.50	10
W14X550	20.2	17.2	2.38	3.82	4.42	2.38	10
W14X500	19.6	17.0	2.19	3.5	4.10	2.31	10
W14X455	19.0	16.8	2.02	3.21	3.81	2.25	10
W14X426	18.7	16.7	1.88	3.04	3.63	2.13	10
W14X398	18.3	16.6	1.77	2.85	3.44	2.13	10
W14X370	17.9	16.5	1.66	2.66	3.26	2.06	10
W14X342	17.5	16.4	1.54	2.47	3.07	2.00	10
W14X311	17.1	16.2	1.41	2.26	2.86	1.94	10
W14X283	16.7	16.1	1.29	2.07	2.67	1.88	10
W14X257	16.4	16.0	1.18	1.89	2.49	1.81	10
W14X233	16.0	15.9	1.07	1.72	2.32	1.75	10
W14X211	15.7	15.8	0.980	1.56	2.16	1.69	10
W14X193	15.5	15.7	0.890	1.44	2.04	1.69	10
W14X176	15.2	15.7	0.830	1.31	1.91	1.63	10
W14X159	15.0	15.6	0.745	1.19	1.79	1.56	10
W14X145	14.8	15.5	0.680	1.09	1.69	1.56	10
W14X132	14.7	14.7	0.645	1.03	1.63	1.56	10
W14X120	14.5	14.7	0.590	0.94	1.54	1.50	10
W14X109	14.3	14.6	0.525	0.86	1.46	1.50	10
W14X99	14.2	14.6	0.485	0.78	1.38	1.44	10
W14X90	14.0	14.5	0.440	0.71	1.31	1.44	10
W14X82	14.3	10.1	0.510	0.855	1.45	1.06	10.88
W14X74	14.2	10.1	0.450	0.785	1.38	1.06	10.88
W14X68	14.0	10.0	0.415	0.72	1.31	1.06	10.88
W14X61	13.9	10.0	0.375	0.645	1.24	1.00	10.88
W14X53	13.9	8.06	0.370	0.66	1.25	1.00	10.88
W14X48	13.8	8.03	0.340	0.595	1.19	1.00	10.88
W14X43	13.7	8.00	0.305	0.53	1.12	1.00	10.88
W14X38	14.1	6.77	0.310	0.515	0.915	0.81	11.63
W14X34	14.0	6.75	0.285	0.455	0.855	0.75	11.63
W14X30	13.8	6.73	0.270	0.385	0.785	0.75	11.63
W14X26	13.9	5.03	0.255	0.42	0.820	0.75	11.63
W14X22	13.7	5.00	0.230	0.335	0.735	0.75	11.63
W12X336	16.8	13.4	1.78	2.96	3.55	1.69	9.13
W12X305	16.3	13.2	1.63	2.71	3.30	1.63	9.13
W12X279	15.9	13.1	1.53	2.47	3.07	1.63	9.13
W12X252	15.4	13.0	1.40	2.25	2.85	1.50	9.13
W12X230	15.1	12.9	1.29	2.07	2.67	1.50	9.13
W12X210	14.7	12.8	1.18	1.9	2.50	1.44	9.13
W12X190	14.4	12.7	1.06	1.74	2.33	1.38	9.13
W12X170	14.0	12.6	0.960	1.56	2.16	1.31	9.13
W12X152	13.7	12.5	0.870	1.4	2.00	1.25	9.13
W12X136	13.4	12.4	0.790	1.25	1.85	1.25	9.13
W12X120	13.1	12.3	0.710	1.11	1.70	1.19	9.13
W12X106	12.9	12.2	0.610	0.99	1.59	1.13	9.13
W12X96	12.7	12.2	0.550	0.9	1.50	1.13	9.13
W12X87	12.5	12.1	0.515	0.81	1.41	1.06	9.13
W12X79	12.4	12.1	0.470	0.735	1.33	1.06	9.13
W12X72	12.3	12.0	0.430	0.67	1.27	1.06	9.13
W12X65	12.1	12.0	0.390	0.605	1.20	1.00	9.13
W12X58	12.2	10.0	0.360	0.64	1.24	0.94	9.25
W12X53	12.1	10.0	0.345	0.575	1.18	0.94	9.25
W12X50	12.2	8.08	0.370	0.64	1.14	0.94	9.25
W12X45	12.1	8.05	0.335	0.575	1.08	0.94	9.25
W12X40	11.9	8.01	0.295	0.515	1.02	0.88	9.25
W12X35	12.5	6.56	0.300	0.52	0.820	0.75	10.13
W12X30	12.3	6.52	0.260	0.44	0.740	0.75	10.13
W12X26	12.2	6.49	0.230	0.38	0.680	0.75	10.13
W12X22	12.3	4.03	0.260	0.425	0.725	0.63	10.38
W12X19	12.2	4.01	0.235	0.35	0.650	0.56	10.38
W12X16	12.0	3.99	0.220	0.265	0.565	0.56	10.38
W12X14	11.9	3.97	0.200	0.225	0.525	0.56	10.38
W10X112	11.4	10.4	0.755	1.25	1.75	1.00	7.50
W10X100	11.1	10.3	0.680	1.12	1.62	1.00	7.50
W10X88	10.8	10.3	0.605	0.99	1.49	0.94	7.50
W10X77	10.6	10.2	0.530	0.87	1.37	0.88	7.50
W10X68	10.4	10.1	0.470	0.77	1.27	0.88	7.50
W10X60	10.2	10.1	0.420	0.68	1.18	0.81	7.50
W10X54	10.1	10.0	0.370	0.615	1.12	0.81	7.50
W10X49	10.0	10.0	0.340	0.56	1.06	0.81	7.50
W10X45	10.1	8.02	0.350	0.62	1.12	0.81	7.50
W10X39	9.92	7.99	0.315	0.53	1.03	0.81	7.50
W10X33	9.73	7.96	0.290	0.435	0.935	0.75	7.50
W10X30	10.5	5.81	0.300	0.51	0.810	0.69	8.25
W10X26	10.3	5.77	0.260	0.44	0.740	0.69	8.25
W10X22	10.2	5.75	0.240	0.36	0.660	0.63	8.25
W10X19	10.2	4.02	0.250	0.395	0.695	0.63	8.38
W10X17	10.1	4.01	0.240	0.33	0.630	0.56	8.38
W10X15	9.99	4.00	0.230	0.27	0.570	0.56	8.38
W10X12	9.87	3.96	0.190	0.21	0.510	0.56	8.38
W8X67	9.00	8.28	0.570	0.935	1.33	0.94	5.75
W8X58	8.75	8.22	0.510	0.81	1.20	0.88	5.75
W8X48	8.50	8.11	0.400	0.685	1.08	0.81	5.75
W8X40	8.25	8.07	0.360	0.56	0.954	0.81	5.75
W8X35	8.12	8.02	0.310	0.495	0.889	0.81	5.75
W8X31	8.00	8.00	0.285	0.435	0.829	0.75	5.75
W8X28	8.06	6.54	0.285	0.465	0.859	0.63	6.13
W8X24	7.93	6.50	0.245	0.4	0.794	0.56	6.13
W8X21	8.28	5.27	0.250	0.4	0.700	0.56	6.50
W8X18	8.14	5.25	0.230	0.33	0.630	0.56	6.50
W8X15	8.11	4.02	0.245	0.315	0.615	0.56	6.50
W8X13	7.99	4.00	0.230	0.255	0.555	0.56	6.50
W8X10	7.89	3.94	0.170	0.205	0.505	0.50	6.50
W6X25	6.38	6.08	0.320	0.455	0.705	0.56	4.50
W6X20	6.20	6.02	0.260	0.365	0.615	0.56	4.50
W6X15	5.99	5.99	0.230	0.26	0.510	0.56	4.50
W6X16	6.28	4.03	0.260	0.405	0.655	0.56	4.50
W6X12	6.03	4.00	0.230	0.28	0.530	0.56	4.50
W6X9	5.90	3.94	0.170	0.215	0.465	0.50	4.50
W6X8.5	5.83	3.94	0.170	0.195	0.445	0.50	4.50
W5X19	5.15	5.03	0.270	0.43	0.730	0.44	3.50
W5X16	5.01	5.00	0.240	0.36	0.660	0.44	3.50
W4X13	4.16	4.06	0.280	0.345	0.595	0.50	2.63
M12.5X12.4	12.5	3.75	0.155	0.228	0.563	0.38	11.38
M12.5X11.6	12.5	3.50	0.155	0.211	0.563	0.38	11.38
M12X11.8	12.0	3.07	0.177	0.225	0.563	0.38	10.88
M12X10.8	12.0	3.07	0.160	0.21	0.563	0.38	10.88
M12X10	12.0	3.25	0.149	0.18	0.500	0.38	11
M10X9	10.0	2.69	0.157	0.206	0.563	0.38	8.88
M10X8	9.95	2.69	0.141	0.182	0.563	0.38	8.88
M10X7.5	9.99	2.69	0.130	0.173	0.438	0.31	9.13
M8X6.5	8.00	2.28	0.135	0.189	0.563	0.38	6.88
M8X6.2	8.00	2.28	0.129	0.177	0.438	0.25	7.13
M6X4.4	6.00	1.84	0.114	0.171	0.375	0.25	5.25
M6X3.7	5.92	2.00	0.0980	0.129	0.313	0.25	5.25
M5X18.9	5.00	5.00	0.316	0.416	0.813	0.50	3.38
M4X6	3.80	3.80	0.130	0.160	0.5	0.380	2.75
M4X4.08	4.00	2.25	0.115	0.17	0.563	0.38	2.88
M4X3.45	4.00	2.25	0.0920	0.130	0.5	0.38	3
M4X3.2	4.00	2.25	0.0920	0.130	0.5	0.38	3
M3X2.9	3.00	2.25	0.0900	0.130	0.5	0.38	2
HP18X204	18.3	18.1	1.13	1.13	2.313	1.75	13.50
HP18X181	18.0	18.0	1.00	1	2.188	1.69	13.50
HP18X157	17.7	17.9	0.870	0.87	2.063	1.63	13.50
HP18X135	17.5	17.8	0.750	0.75	1.938	1.56	13.50
HP16X183	16.5	16.3	1.13	1.13	2.313	1.75	11.75
HP16X162	16.3	16.1	1.00	1	2.188	1.69	11.75
HP16X141	16.0	16.0	0.875	0.875	2.063	1.63	11.75
HP16X121	15.8	15.9	0.750	0.75	1.938	1.56	11.75
HP16X101	15.5	15.8	0.625	0.625	1.813	1.50	11.75
HP16X88	15.3	15.7	0.540	0.54	1.750	1.44	11.75
HP14X117	14.2	14.9	0.805	0.805	2.063	1.63	11.25
HP14X102	14.0	14.8	0.705	0.705	1.938	1.56	11.25
HP14X89	13.8	14.7	0.615	0.615	1.875	1.50	11.25
HP14X73	13.6	14.6	0.505	0.505	1.750	1.44	11.25
HP12X89	12.4	12.3	0.720	0.72	1.625	1.19	9.50
HP12X84	12.3	12.3	0.685	0.685	1.563	1.19	9.50
HP12X74	12.1	12.2	0.605	0.61	1.500	1.13	9.50
HP12X63	11.9	12.1	0.515	0.515	1.438	1.06	9.50
HP12X53	11.8	12.0	0.435	0.435	1.313	1.06	9.50
HP10X57	9.99	10.2	0.565	0.565	1.250	0.94	7.50
HP10X42	9.70	10.1	0.415	0.42	1.125	0.81	7.50
HP8X36	8.02	8.16	0.445	0.445	1.125	0.88	5.75