% American Institute of Steel Construction, 2017.  All values are inches raised to the appropriate power.
% Shape, D, B, t1(2), k
L305X305X34.9	304.8	304.8	34.925	52.387
L305X305X31.8	304.8	304.8	31.75	49.212
L305X305X28.6	304.8	304.8	28.575	46.037
L305X305X25.4	304.8	304.8	25.4	42.862
L254X254X34.9	254.0	254.0	34.925	55.562
L254X254X31.8	254.0	254.0	31.75	52.387
L254X254X28.6	254.0	254.0	28.575	49.212
L254X254X25.4	254.0	254.0	25.4	46.037
L254X254X22.2	254.0	254.0	22.225	42.862
L254X254X19.0	254.0	254.0	19.05	39.688
L203X203X28.6	203.2	203.2	28.575	44.45
L203X203X25.4	203.2	203.2	25.4	41.275
L203X203X22.2	203.2	203.2	22.225	38.1
L203X203X19.0	203.2	203.2	19.05	34.925
L203X203X15.9	203.2	203.2	15.875	31.75
L203X203X14.3	203.2	203.2	14.288	30.162
L203X203X12.7	203.2	203.2	12.7	28.575
L203X152X25.4	203.2	152.4	25.4	38.1
L203X152X22.2	203.2	152.4	22.225	34.925
L203X152X19.0	203.2	152.4	19.05	31.75
L203X152X15.9	203.2	152.4	15.875	28.575
L203X152X14.3	203.2	152.4	14.288	26.987
L203X152X12.7	203.2	152.4	12.7	25.4
L203X152X11.1	203.2	152.4	11.112	23.812
L203X102X25.4	203.2	101.6	25.4	38.1
L203X102X22.2	203.2	101.6	22.225	34.925
L203X102X19.0	203.2	101.6	19.05	31.75
L203X102X15.9	203.2	101.6	15.875	28.575
L203X102X14.3	203.2	101.6	14.288	26.987
L203X102X12.7	203.2	101.6	12.7	25.4
L203X102X11.1	203.2	101.6	11.112	23.812
L178X102X19.0	177.8	101.6	19.05	31.75
L178X102X15.9	177.8	101.6	15.875	28.575
L178X102X12.7	177.8	101.6	12.7	25.4
L178X102X11.1	177.8	101.6	11.112	23.812
L178X102X9.5	177.8	101.6	9.525	22.225
L152X152X25.4	152.4	152.4	25.4	38.1
L152X152X22.2	152.4	152.4	22.225	34.925
L152X152X19.0	152.4	152.4	19.05	31.75
L152X152X15.9	152.4	152.4	15.875	28.575
L152X152X14.3	152.4	152.4	14.288	26.987
L152X152X12.7	152.4	152.4	12.7	25.4
L152X152X11.1	152.4	152.4	11.112	23.812
L152X152X9.5	152.4	152.4	9.525	22.225
L152X152X7.9	152.4	152.4	7.938	20.638
L152X102X22.2	152.4	101.6	22.225	34.925
L152X102X19.0	152.4	101.6	19.05	31.75
L152X102X15.9	152.4	101.6	15.875	28.575
L152X102X14.3	152.4	101.6	14.288	26.987
L152X102X12.7	152.4	101.6	12.7	25.4
L152X102X11.1	152.4	101.6	11.112	23.812
L152X102X9.5	152.4	101.6	9.525	22.225
L152X102X7.9	152.4	101.6	7.938	20.638
L152X89X12.7	152.4	88.9	12.7	25.4
L152X89X9.5	152.4	88.9	9.525	22.225
L152X89X7.9	152.4	88.9	7.938	20.638
L127X127X22.2	127.0	127.0	22.225	34.925
L127X127X19.0	127.0	127.0	19.05	31.75
L127X127X15.9	127.0	127.0	15.875	28.575
L127X127X12.7	127.0	127.0	12.7	25.4
L127X127X11.1	127.0	127.0	11.112	23.812
L127X127X9.5	127.0	127.0	9.525	22.225
L127X127X7.9	127.0	127.0	7.938	20.638
L127X89X19.0	127.0	88.9	19.05	30.162
L127X89X15.9	127.0	88.9	15.875	26.987
L127X89X12.7	127.0	88.9	12.7	23.812
L127X89X9.5	127.0	88.9	9.525	20.638
L127X89X7.9	127.0	88.9	7.938	19.05
L127X89X6.4	127.0	88.9	6.35	17.462
L127X76X12.7	127.0	76.2	12.7	23.812
L127X76X11.1	127.0	76.2	11.112	22.225
L127X76X9.5	127.0	76.2	9.525	20.638
L127X76X7.9	127.0	76.2	7.938	19.05
L127X76X6.4	127.0	76.2	6.35	17.462
L102X102X19.0	101.6	101.6	19.05	28.575
L102X102X15.9	101.6	101.6	15.875	25.4
L102X102X12.7	101.6	101.6	12.7	22.225
L102X102X11.1	101.6	101.6	11.112	20.638
L102X102X9.5	101.6	101.6	9.525	19.05
L102X102X7.9	101.6	101.6	7.938	17.462
L102X102X6.4	101.6	101.6	6.35	15.875
L102X89X12.7	101.6	88.9	12.7	22.225
L102X89X9.5	101.6	88.9	9.525	19.05
L102X89X7.9	101.6	88.9	7.938	17.462
L102X89X6.4	101.6	88.9	6.35	15.875
L102X76X15.9	101.6	76.2	15.875	25.4
L102X76X12.7	101.6	76.2	12.7	22.225
L102X76X9.5	101.6	76.2	9.525	19.05
L102X76X7.9	101.6	76.2	7.938	17.462
L102X76X6.4	101.6	76.2	6.35	15.875
L89X89X12.7	88.9	88.9	12.7	22.225
L89X89X11.1	88.9	88.9	11.112	20.638
L89X89X9.5	88.9	88.9	9.525	19.05
L89X89X7.9	88.9	88.9	7.938	17.462
L89X89X6.4	88.9	88.9	6.35	15.875
L89X76X12.7	88.9	76.2	12.7	22.225
L89X76X11.1	88.9	76.2	11.112	20.638
L89X76X9.5	88.9	76.2	9.525	19.05
L89X76X7.9	88.9	76.2	7.938	17.462
L89X76X6.4	88.9	76.2	6.35	15.875
L89X64X12.7	88.9	63.5	12.7	22.225
L89X64X9.5	88.9	63.5	9.525	19.05
L89X64X7.9	88.9	63.5	7.938	17.462
L89X64X6.4	88.9	63.5	6.35	15.875
L76X76X12.7	76.2	76.2	12.7	22.225
L76X76X11.1	76.2	76.2	11.112	20.638
L76X76X9.5	76.2	76.2	9.525	19.05
L76X76X7.9	76.2	76.2	7.938	17.462
L76X76X6.4	76.2	76.2	6.35	15.875
L76X76X4.8	76.2	76.2	4.762	14.288
L76X64X12.7	76.2	63.5	12.7	22.225
L76X64X11.1	76.2	63.5	11.112	20.638
L76X64X9.5	76.2	63.5	9.525	19.05
L76X64X7.9	76.2	63.5	7.938	17.462
L76X64X6.4	76.2	63.5	6.35	15.875
L76X64X4.8	76.2	63.5	4.762	14.288
L76X51X12.7	76.2	50.8	12.7	20.638
L76X51X9.5	76.2	50.8	9.525	17.462
L76X51X7.9	76.2	50.8	7.938	15.875
L76X51X6.4	76.2	50.8	6.35	14.288
L76X51X4.8	76.2	50.8	4.762	12.7
L64X64X12.7	63.5	63.5	12.7	19.05
L64X64X9.5	63.5	63.5	9.525	15.875
L64X64X7.9	63.5	63.5	7.938	14.288
L64X64X6.4	63.5	63.5	6.35	12.7
L64X64X4.8	63.5	63.5	4.762	11.112
L64X51X9.5	63.5	50.8	9.525	15.875
L64X51X7.9	63.5	50.8	7.938	14.288
L64X51X6.4	63.5	50.8	6.35	12.7
L64X51X4.8	63.5	50.8	4.762	11.112
L64X38X6.4	63.5	38.1	6.35	12.7
L64X38X4.8	63.5	38.1	4.762	11.112
L51X51X9.5	50.8	50.8	9.525	15.875
L51X51X7.9	50.8	50.8	7.938	14.288
L51X51X6.4	50.8	50.8	6.35	12.7
L51X51X4.8	50.8	50.8	4.762	11.112
L51X51X3.2	50.8	50.8	3.175	9.525
