% American Institute of Steel Construction, 2017.  All values are inches raised to the appropriate power.
% Shape, D, B, t2, t1, k
WT550X249.5	558.8	403.86	26.162	44.958	65.024
WT550X216.5	553.72	401.32	21.971	40.132	59.944
WT550X195	551.18	401.32	19.939	36.068	55.88
WT550X171.5	546.1	401.32	18.034	30.988	51.054
WT500X488	553.72	429.26	50.038	89.916	119.888
WT500X441.5	546.1	424.18	45.466	82.042	112.014
WT500X374	533.4	416.56	39.116	70.104	100.076
WT500X321	523.24	411.48	34.036	59.944	89.916
WT500X295.5	520.7	408.94	30.988	55.88	85.852
WT500X277	515.62	408.94	29.464	52.07	82.042
WT500X269.5	515.62	406.4	28.448	51.054	81.026
WT500X241.5	510.54	403.86	25.4	45.974	75.946
WT500X221.5	505.46	401.32	23.622	41.91	71.882
WT500X206	502.92	401.32	21.082	40.132	70.104
WT500X185.5	500.38	401.32	19.05	36.068	66.04
WT500X160.5	495.3	401.32	16.51	30.988	60.96
WT500X148	490.22	401.32	16.51	27.178	57.15
WT500X292	528.32	314.96	36.068	64.008	93.98
WT500X247	518.16	309.88	30.988	54.102	84.074
WT500X243	518.16	307.34	29.972	54.102	84.074
WT500X219	513.08	304.8	26.924	49.022	78.994
WT500X207.5	510.54	304.8	26.162	45.974	75.946
WT500X196.5	508.0	302.26	24.384	43.942	73.914
WT500X175	502.92	302.26	21.082	40.132	70.104
WT500X157	500.38	299.72	19.05	36.068	66.04
WT500X136	495.3	299.72	16.51	30.48	60.452
WT500X124.5	490.22	299.72	16.51	26.162	56.134
WT500X111	485.14	299.72	16.002	21.082	51.054
WT460X688.5	548.64	472.44	76.708	115.062	134.112
WT460X634.5	548.64	462.28	64.008	115.062	134.112
WT460X597	541.02	457.2	60.452	108.966	128.016
WT460X538.5	530.86	452.12	55.118	99.06	118.11
WT460X485	520.7	447.04	50.038	89.916	114.046
WT460X393.5	505.46	436.88	40.894	73.914	98.044
WT460X362.5	500.38	434.34	38.1	68.072	92.202
WT460X328	492.76	431.8	34.544	61.976	86.106
WT460X294	487.68	426.72	30.988	55.88	80.01
WT460X268.5	482.6	424.18	28.448	51.054	75.184
WT460X245.5	477.52	421.64	25.908	46.99	71.12
WT460X224.5	474.98	424.18	24.003	42.672	66.802
WT460X210	472.44	421.64	22.479	39.878	64.008
WT460X195	467.36	421.64	21.336	36.576	60.706
WT460X184	464.82	419.1	20.32	34.29	58.42
WT460X172.5	462.28	419.1	19.304	32.004	56.134
WT460X190.5	474.98	309.88	24.384	43.942	62.992
WT460X172.5	472.44	307.34	22.098	39.878	58.928
WT460X156.5	464.82	309.88	21.082	34.544	53.594
WT460X144.5	462.28	307.34	19.431	32.004	51.054
WT460X135.5	462.28	307.34	18.415	29.972	49.022
WT460X126.5	459.74	304.8	17.272	27.94	46.99
WT460X119	457.2	304.8	16.51	25.908	44.958
WT460X111.5	454.66	304.8	15.875	23.876	42.926
WT460X100.5	452.12	304.8	15.24	20.066	39.116
WT420X288	457.2	411.48	32.004	57.912	77.978
WT420X263.5	452.12	408.94	29.464	53.086	73.152
WT420X236.5	447.04	406.4	26.416	48.006	68.072
WT420X216.5	441.96	403.86	24.384	43.942	64.008
WT420X196	439.42	401.32	22.098	39.878	59.944
WT420X179.5	434.34	403.86	21.082	35.56	55.626
WT420X164.5	431.8	401.32	19.685	32.512	52.324
WT420X149.5	426.72	398.78	18.161	29.21	49.276
WT460X125.5	429.26	292.1	17.018	30.988	48.768
WT460X113	424.18	294.64	16.129	26.924	44.704
WT460X105	424.18	292.1	15.367	24.384	42.164
WT460X96.5	419.1	292.1	14.732	21.717	39.624
WT460X88	416.56	292.1	13.97	18.796	36.576
WT380X291	421.64	396.24	34.544	61.976	82.042
WT380X265.5	416.56	393.7	31.496	56.896	76.962
WT380X242	411.48	391.16	28.956	52.07	72.136
WT380X217	406.4	388.62	25.908	46.99	67.056
WT380X194.5	401.32	386.08	23.622	41.91	61.976
WT380X175	398.78	383.54	21.082	38.1	58.166
WT380X157	393.7	383.54	19.685	33.528	53.34
WT380X142	388.62	381.0	18.034	30.226	50.038
WT380X128.5	386.08	381.0	16.637	27.178	46.99
WT380X110	388.62	266.7	16.51	29.972	46.482
WT380X98	386.08	266.7	15.621	25.4	41.91
WT380X92.5	383.54	266.7	14.859	23.622	40.132
WT380X86.5	381.0	266.7	14.351	21.59	38.1
WT380X80.5	378.46	266.7	13.843	19.304	35.814
WT380X73.5	375.92	266.7	13.208	17.018	33.528
WT380X67	375.92	264.16	11.938	15.494	32.004
WT345X401	414.02	388.62	50.038	89.916	109.982
WT345X274	386.08	373.38	35.052	62.992	83.058
WT345X250	381.0	370.84	32.004	57.912	77.978
WT345X228.5	375.92	365.76	29.464	53.086	73.152
WT345X209.5	370.84	365.76	26.924	49.022	69.088
WT345X192	368.3	363.22	24.892	44.958	65.024
WT345X175	363.22	360.68	23.114	40.894	60.96
WT345X161.5	360.68	358.14	21.082	38.1	58.166
WT345X144.5	358.14	355.6	19.05	34.036	54.102
WT345X132.5	353.06	358.14	18.415	30.226	50.292
WT345X120	350.52	355.6	16.764	27.432	47.498
WT345X108.5	347.98	355.6	15.367	24.765	44.704
WT345X96	350.52	254.0	15.494	27.94	43.18
WT345X85	345.44	256.54	14.478	23.622	38.862
WT345X76	342.9	254.0	13.081	21.082	36.322
WT345X70	342.9	254.0	12.446	18.923	34.036
WT345X62.5	340.36	254.0	11.684	16.256	31.496
WT305X275.5	355.6	347.98	38.608	69.088	81.788
WT305X249	350.52	342.9	35.052	62.992	75.692
WT305X227.5	345.44	340.36	32.004	57.912	70.612
WT305X207.5	340.36	337.82	29.464	53.086	65.786
WT305X186	335.28	335.28	26.416	48.006	60.706
WT305X170.5	330.2	332.74	24.384	43.942	56.642
WT305X153.5	327.66	330.2	22.098	39.878	52.578
WT305X142.5	322.58	330.2	20.574	37.084	49.784
WT305X131	320.04	327.66	19.05	34.036	46.736
WT305X120.5	317.5	330.2	17.907	30.988	43.688
WT305X108.5	314.96	327.66	16.51	27.686	40.386
WT305X97.5	309.88	327.66	15.367	24.384	37.084
WT305X87	307.34	325.12	13.97	21.59	34.29
WT305X77.5	304.8	325.12	12.7	19.05	31.75
WT305X76.5	312.42	228.6	13.97	24.892	37.592
WT305X70	309.88	230.378	13.081	22.225	35.052
WT305X62.5	307.34	229.108	11.938	19.558	32.258
WT305X56.5	304.8	228.346	11.176	17.272	29.972
WT305X50.5	302.26	227.838	10.541	14.859	27.686
WT305X46	302.26	178.816	10.922	14.986	27.686
WT305X41	299.72	178.054	10.033	12.827	25.654
WT265X204.5	307.34	327.66	30.988	55.626	85.598
WT265X184.5	302.26	325.12	27.94	50.546	80.518
WT265X166	297.18	322.58	25.4	45.466	75.438
WT265X150	292.1	320.04	23.114	41.402	54.102
WT265X136	289.56	317.5	21.082	37.592	50.292
WT265X124	284.48	314.96	19.05	34.544	47.244
WT265X109.5	279.4	317.5	18.288	29.21	41.91
WT265X98	276.86	314.96	16.51	26.416	39.116
WT265X91	274.32	314.96	15.24	24.384	37.084
WT265X82.5	274.32	312.42	13.97	22.225	35.052
WT265X75	271.78	312.42	12.7	20.32	33.02
WT265X69	274.32	213.868	14.732	23.622	36.322
WT265X61.5	271.78	212.344	13.081	21.209	34.036
WT265X54.5	269.24	210.82	11.557	18.796	31.496
WT265X50.5	269.24	210.058	10.922	17.399	30.226
WT265X46	266.7	209.296	10.16	15.621	28.448
WT265X41	264.16	208.788	9.525	13.259	25.908
WT265X36	261.62	206.756	8.89	10.922	23.622
WT265X42.5	266.7	166.624	10.287	16.51	29.21
WT265X37	264.16	165.862	9.652	13.589	26.416
WT265X33	261.62	165.1	8.89	11.43	24.13
WT230X232	284.48	304.8	38.608	69.596	82.296
WT230X210.5	276.86	302.26	35.56	63.5	76.2
WT230X192	271.78	299.72	32.512	58.42	68.58
WT230X174.5	266.7	297.18	29.464	53.594	63.754
WT230X157.5	261.62	294.64	26.924	48.514	58.674
WT230X143	259.08	292.1	24.384	44.45	54.61
WT230X130	254.0	289.56	22.606	40.386	50.546
WT230X117.5	250.444	287.02	20.574	36.576	46.736
WT230X106.5	247.65	284.48	18.542	33.528	43.688
WT230X96.5	244.602	284.48	17.018	30.48	40.64
WT230X88.5	241.046	287.02	16.637	26.924	37.084
WT230X79	237.998	284.48	14.986	23.876	34.036
WT230X72	236.22	281.94	13.589	22.098	32.258
WT230X64	233.68	281.94	12.192	19.558	29.718
WT230X56.5	231.394	279.4	10.795	17.272	27.432
WT230X53	234.696	194.056	12.573	20.574	30.734
WT230X48.5	233.172	192.786	11.43	19.05	29.21
WT230X44.5	231.648	192.024	10.541	17.653	27.94
WT230X41	230.124	191.262	9.906	16.002	26.162
WT230X37	228.6	190.5	9.017	14.478	24.689
WT230X34	229.362	153.924	9.144	15.367	25.654
WT230X30	227.33	152.908	8.001	13.335	23.546
WT230X26	224.79	152.4	7.62	10.795	21.006
WT205X74.5	215.646	264.16	14.859	25.019	35.306
WT205X66	212.852	264.16	13.335	22.225	32.512
WT205X57	209.804	261.62	11.557	19.304	29.464
WT205X50	207.518	259.08	10.033	16.891	27.178
WT205X42.5	208.788	180.848	10.922	18.161	28.448
WT205X37.5	206.502	179.578	9.652	16.002	26.162
WT205X33.5	204.978	178.816	8.763	14.351	24.562
WT205X30	203.454	177.8	7.747	12.827	23.038
WT205X26.5	201.422	177.546	7.493	10.922	21.133
WT205X23.05	201.676	140.462	6.985	11.176	21.387
WT205X19.4	199.39	139.7	6.35	8.763	18.974
WT180X649.5	299.72	477.52	100.076	139.954	154.94
WT180X601	289.56	472.44	94.996	130.048	145.034
WT180X543	284.48	454.66	77.978	124.714	139.954
WT180X495	274.32	449.58	71.882	114.808	130.048
WT180X450	266.7	441.96	66.04	105.664	120.904
WT180X409	256.54	436.88	60.452	97.028	112.268
WT180X372	248.92	431.8	55.626	88.9	104.14
WT180X338.5	241.554	426.72	51.308	81.534	96.774
WT180X317	237.236	424.18	47.752	77.216	92.202
WT180X296	232.41	421.64	44.958	72.39	87.376
WT180X275.5	227.584	419.1	42.164	67.564	82.804
WT180X254.5	222.758	416.56	39.116	62.738	77.978
WT180X231.5	217.424	411.48	35.814	57.404	72.644
WT180X210.5	212.598	408.94	32.766	52.578	67.818
WT180X191	208.026	406.4	29.972	48.006	63.246
WT180X173.5	203.708	403.86	27.178	43.688	58.928
WT180X157	199.644	401.32	24.892	39.624	54.864
WT180X143.5	196.596	398.78	22.606	36.576	51.816
WT180X131	193.294	398.78	21.082	33.274	48.514
WT180X118.5	190.246	396.24	18.923	30.226	45.466
WT180X108	187.706	393.7	17.272	27.686	42.926
WT180X98	186.182	373.38	16.383	26.162	41.402
WT180X89.5	183.896	373.38	14.986	23.876	39.116
WT180X81	181.864	370.84	13.335	21.844	37.084
WT180X73.5	179.832	370.84	12.319	19.812	35.052
WT180X67	178.054	368.3	11.176	18.034	33.274
WT180X61	181.864	256.54	12.954	21.717	36.83
WT180X55	180.086	256.54	11.43	19.939	35.052
WT180X50.5	178.308	254.0	10.541	18.288	33.274
WT180X45.5	176.53	254.0	9.525	16.383	31.496
WT180X39.5	176.784	204.724	9.398	16.764	31.75
WT180X36	175.26	203.962	8.636	15.113	30.226
WT180X32	173.482	203.2	7.747	13.462	28.448
WT180X29	179.07	171.958	7.874	13.081	23.241
WT180X25.5	177.546	171.45	7.239	11.557	21.717
WT180X22.3	175.768	170.942	6.858	9.779	19.939
WT180X19.5	176.784	127.762	6.477	10.668	20.828
WT180X16.45	174.498	127.0	5.842	8.509	18.669
WT155X250	213.614	340.36	45.212	75.184	90.17
WT155X227	207.264	335.28	41.402	68.834	83.82
WT155X207.5	201.422	332.74	38.862	62.738	77.978
WT155X187.5	195.834	330.2	35.56	57.15	72.39
WT155X171	191.262	327.66	32.766	52.578	67.818
WT155X156.5	186.944	325.12	29.972	48.26	63.5
WT155X141.5	182.626	322.58	26.924	44.196	59.182
WT155X126.5	178.308	320.04	24.384	39.624	54.864
WT155X113	174.244	317.5	22.098	35.56	50.8
WT155X101	170.434	314.96	20.066	31.75	46.99
WT155X89.5	166.624	312.42	18.034	28.194	43.18
WT155X79	163.83	309.88	15.494	25.146	40.386
WT155X71.5	161.544	309.88	13.97	22.86	38.1
WT155X64.5	159.258	307.34	13.081	20.574	35.814
WT155X58.5	157.226	307.34	11.938	18.669	33.782
WT155X53.5	155.702	304.8	10.922	17.018	32.258
WT155X48.5	153.924	304.8	9.906	15.367	30.48
WT155X43	154.94	254.0	9.144	16.256	31.496
WT155X39.5	153.162	254.0	8.763	14.605	29.972
WT155X37	154.94	205.232	9.398	16.256	28.956
WT155X33.5	153.162	204.47	8.509	14.605	27.432
WT155X30	151.638	203.454	7.493	13.081	25.908
WT155X26	158.75	166.624	7.62	13.208	20.828
WT155X22.25	156.718	165.608	6.604	11.176	18.796
WT155X19.35	155.194	164.846	5.842	9.652	17.272
WT155X16.35	156.464	102.362	6.604	10.795	18.415
WT155X14.15	154.432	101.854	5.969	8.89	16.51
WT155X11.9	152.4	101.346	5.588	6.731	14.351
WT155X10.5	151.384	100.838	5.08	5.715	13.335
WT125X83.5	144.272	264.16	19.177	31.75	44.45
WT125X74.5	140.97	261.62	17.272	28.448	41.148
WT125X65.5	137.668	261.62	15.367	25.146	37.846
WT125X57.5	134.62	259.08	13.462	22.098	34.798
WT125X50.5	132.08	256.54	11.938	19.558	32.258
WT125X44.5	129.794	256.54	10.668	17.272	29.972
WT125X40	128.27	254.0	9.398	15.621	28.448
WT125X36.5	126.746	254.0	8.636	14.224	26.924
WT125X33.5	128.27	203.708	8.89	15.748	28.448
WT125X29	125.984	202.946	8.001	13.462	26.162
WT125X24.55	123.698	202.184	7.366	11.049	23.749
WT125X22.4	133.096	147.574	7.62	12.954	20.574
WT125X19.25	131.318	146.558	6.604	11.176	18.796
WT125X16.35	129.286	146.05	6.096	9.144	16.764
WT125X14.2	130.048	102.108	6.35	10.033	17.653
WT125X12.65	128.524	101.854	6.096	8.382	16.002
WT125X11.15	127.0	101.6	5.842	6.858	14.478
WT125X8.95	125.476	100.584	4.826	5.334	12.954
WT100X50	114.3	210.312	14.478	23.749	33.782
WT100X43	111.252	208.788	12.954	20.574	30.48
WT100X35.5	107.95	205.994	10.16	17.399	27.432
WT100X29.5	104.902	204.978	9.144	14.224	24.232
WT100X26	103.124	203.708	7.874	12.573	22.581
WT100X23.05	101.6	203.2	7.239	11.049	21.057
WT100X20.85	102.362	166.116	7.239	11.811	21.819
WT100X17.95	100.838	165.1	6.223	10.16	20.168
WT100X15.65	105.156	133.858	6.35	10.16	17.78
WT100X13.3	103.378	133.35	5.842	8.382	16.002
WT100X11.25	103.124	102.108	6.223	8.001	15.621
WT100X9.65	101.6	101.6	5.842	6.477	14.097
WT100X7.5	100.33	100.076	4.318	5.207	12.827
WT75X18.55	81.026	154.432	8.128	11.557	17.907
WT75X14.9	78.74	152.908	6.604	9.271	15.621
WT75X11.25	76.2	152.146	5.842	6.604	12.954
WT75X12	79.756	102.362	6.604	10.287	16.637
WT75X9	76.708	101.6	5.842	7.112	13.462
WT75X6.75	74.93	100.076	4.318	5.461	11.811
WT75X6.5	74.168	100.076	4.318	4.953	11.303
WT65X14.05	65.532	127.762	6.858	10.922	18.542
WT65X11.9	63.754	127.0	6.096	9.144	16.764
WT50X9.65	52.832	103.124	7.112	8.763	15.113
MT159X9.25	159.258	95.25	3.937	5.791	14.3
MT159X8.65	158.75	88.9	3.937	5.359	14.3
MT155X8.8	152.4	77.978	4.496	5.715	14.3
MT155X8.05	152.146	77.978	4.064	5.334	14.3
MT155X7.45	152.146	82.55	3.785	4.572	12.7
MT125X6.7	127.0	68.326	3.988	5.232	14.3
MT125X5.95	126.492	68.326	3.581	4.623	14.3
MT125X5.6	127.0	68.326	3.302	4.394	11.125
MT100X4.85	101.6	57.912	3.429	4.801	14.3
MT100X4.6	101.6	57.912	3.277	4.496	11.125
MT75X3.3	76.2	46.736	2.896	4.343	9.525
MT75X2.75	75.184	50.8	2.489	3.277	7.95
MT65X14.05	63.5	127.0	8.026	10.566	20.65
MT50X4.45	48.26	96.52	3.302	4.064	12.7
ST305X90	312.42	204.47	27.686	20.32	50.8
ST305X79	312.42	199.898	27.686	15.748	50.8
ST305X74.5	304.8	184.15	22.098	18.923	44.45
ST305X67	304.8	181.102	22.098	15.875	44.45
ST305X59.5	304.8	177.8	22.098	12.7	44.45
ST255X71.5	259.08	182.88	23.368	20.32	44.45
ST255X64	259.08	179.324	23.368	16.764	44.45
ST255X56	254.0	162.306	20.193	16.129	41.275
ST255X49	254.0	159.004	20.193	12.827	41.275
ST230X52	228.6	158.75	17.551	18.059	38.1
ST230X40.7	228.6	152.4	17.551	11.709	38.1
ST190X37	190.5	143.256	15.799	13.97	34.925
ST190X32	190.5	139.7	15.799	10.439	34.925
ST155X37	152.4	139.192	16.739	17.45	36.525
ST155X30.35	152.4	133.35	16.739	11.735	36.525
ST155X26	152.4	129.032	13.818	10.871	30.175
ST155X23.65	152.4	127.0	13.818	8.89	30.175
ST125X26	127.0	125.476	12.471	15.088	28.575
ST125X18.9	127.0	118.364	12.471	7.899	28.575
ST100X17	101.6	105.918	10.795	11.201	25.4
ST100X13.7	101.6	101.6	10.795	6.883	25.4
ST75X12.85	76.2	90.678	9.119	11.811	20.65
ST75X9.3	76.2	84.582	9.119	5.893	20.65
ST65X7.5	63.5	76.2	8.28	5.436	19.05
ST50X7.05	50.8	71.12	7.442	8.28	19.05
ST50X5.75	50.8	67.564	7.442	4.902	19.05
ST37.5X5.6	38.1	63.754	6.604	8.865	15.875
ST37.5X4.25	38.1	59.182	6.604	4.318	15.875
