% American Institute of Steel Construction, 2017.  All values are in SI units raised to the appropriate power.
% Shape, D, B1(2), t3, t1(2), k, k1, T
W1100X499	1117.6	403.86	26.162	44.958	65.024	44.45	965.2
W1100X433	1107.44	401.32	21.971	40.132	59.944	41.402	965.2
W1100X390	1099.82	401.32	19.939	36.068	55.88	41.402	965.2
W1100X343	1089.66	401.32	18.034	30.988	51.054	39.624	965.2
W1000X976	1107.44	429.26	50.038	89.916	119.888	55.626	863.6
W1000X883	1092.2	424.18	45.466	82.042	112.014	54.102	863.6
W1000X748	1069.34	416.56	39.116	70.104	100.076	50.8	863.6
W1000X642	1049.02	411.48	34.036	59.944	89.916	47.752	863.6
W1000X591	1041.4	408.94	30.988	55.88	85.852	45.974	863.6
W1000X554	1031.24	408.94	29.464	52.07	82.042	45.974	863.6
W1000X539	1031.24	406.4	28.448	51.054	81.026	44.45	863.6
W1000X483	1021.08	403.86	25.4	45.974	75.946	42.926	863.6
W1000X443	1010.92	401.32	23.622	41.91	71.882	42.926	863.6
W1000X412	1008.38	401.32	21.082	40.132	70.104	41.402	863.6
W1000X371	1000.76	401.32	19.05	36.068	66.04	39.624	863.6
W1000X321	990.6	401.32	16.51	30.988	60.96	39.624	863.6
W1000X296	982.98	401.32	16.51	27.178	57.15	39.624	863.6
W1000X584	1056.64	314.96	36.068	64.008	93.98	100.076	863.6
W1000X494	1036.32	309.88	30.988	54.102	84.074	96.774	863.6
W1000X486	1036.32	307.34	29.972	54.102	84.074	96.774	863.6
W1000X438	1026.16	304.8	26.924	49.022	78.994	95.25	863.6
W1000X415	1021.08	304.8	26.162	45.974	75.946	95.25	863.6
W1000X393	1016	302.26	24.384	43.942	73.914	93.726	863.6
W1000X350	1008.38	302.26	21.082	40.132	70.104	66.802	863.6
W1000X314	1000.76	299.72	19.05	36.068	66.04	65.024	863.6
W1000X272	990.6	299.72	16.51	30.48	60.452	65.024	863.6
W1000X249	980.44	299.72	16.51	26.162	56.134	65.024	863.6
W1000X222	970.28	299.72	16.002	21.082	51.054	63.5	863.6
W920X1377	1094.74	472.44	76.708	115.062	134.112	58.674	822.452
W920X1269	1094.74	462.28	64.008	115.062	134.112	52.324	822.452
W920X1194	1082.04	457.2	60.452	108.966	128.016	50.8	822.452
W920X1077	1061.72	452.12	55.118	99.06	118.11	47.752	822.452
W920X970	1043.94	447.04	50.038	89.916	114.046	55.626	797.052
W920X787	1010.92	436.88	40.894	73.914	98.044	50.8	797.052
W920X725	998.22	434.34	38.1	68.072	92.202	47.752	797.052
W920X656	988.06	431.8	34.544	61.976	86.106	47.752	797.052
W920X588	975.36	426.72	30.988	55.88	80.01	45.974	797.052
W920X537	965.2	424.18	28.448	51.054	75.184	44.45	797.052
W920X491	957.58	421.64	25.908	46.99	71.12	44.45	797.052
W920X449	947.42	424.18	24.003	42.672	66.802	42.926	797.052
W920X420	942.34	421.64	22.479	39.878	64.008	41.402	797.052
W920X390	937.26	421.64	21.336	36.576	60.706	41.402	797.052
W920X368	932.18	419.1	20.32	34.29	58.42	41.402	797.052
W920X344	927.1	419.1	19.304	32.004	56.134	39.624	797.052
W920X381	949.96	309.88	24.384	43.942	62.992	42.926	800.1
W920X345	942.34	307.34	22.098	39.878	58.928	41.402	800.1
W920X313	932.18	309.88	21.082	34.544	53.594	41.402	800.1
W920X289	927.1	307.34	19.431	32.004	51.054	39.624	800.1
W920X271	922.02	307.34	18.415	29.972	49.022	39.624	800.1
W920X253	919.48	304.8	17.272	27.94	46.99	39.624	800.1
W920X238	914.4	304.8	16.51	25.908	44.958	39.624	800.1
W920X223	911.86	304.8	15.875	23.876	42.926	38.1	800.1
W920X201	904.24	304.8	15.24	20.066	39.116	38.1	800.1
W840X576	914.4	411.48	32.004	57.912	77.978	45.974	733.552
W840X527	904.24	408.94	29.464	53.086	73.152	45.974	733.552
W840X473	894.08	406.4	26.416	48.006	68.072	44.45	733.552
W840X433	883.92	403.86	24.384	43.942	64.008	42.926	733.552
W840X392	876.3	401.32	22.098	39.878	59.944	41.402	733.552
W840X359	868.68	403.86	21.082	35.56	55.626	41.402	733.552
W840X329	861.06	401.32	19.685	32.512	52.324	41.402	733.552
W840X299	855.98	398.78	18.161	29.21	49.276	39.624	733.552
W840X251	858.52	292.1	17.018	30.988	48.768	39.624	733.552
W840X226	850.9	294.64	16.129	26.924	44.704	38.1	733.552
W840X210	845.82	292.1	15.367	24.384	42.164	38.1	733.552
W840X193	840.74	292.1	14.732	21.717	39.624	38.1	733.552
W840X176	835.66	292.1	13.97	18.796	36.576	38.1	733.552
W760X582	843.28	396.24	34.544	61.976	82.042	47.752	654.05
W760X531	833.12	393.7	31.496	56.896	76.962	45.974	654.05
W760X484	822.96	391.16	28.956	52.07	72.136	44.45	654.05
W760X434	812.8	388.62	25.908	46.99	67.056	44.45	654.05
W760X389	802.64	386.08	23.622	41.91	61.976	42.926	654.05
W760X350	795.02	383.54	21.082	38.1	58.166	41.402	654.05
W760X314	784.86	383.54	19.685	33.528	53.34	41.402	654.05
W760X284	779.78	381	18.034	30.226	50.038	39.624	654.05
W760X257	772.16	381	16.637	27.178	46.99	39.624	654.05
W760X220	779.78	266.7	16.51	29.972	46.482	39.624	654.05
W760X196	769.62	266.7	15.621	25.4	41.91	38.1	654.05
W760X185	767.08	266.7	14.859	23.622	40.132	38.1	654.05
W760X173	762	266.7	14.351	21.59	38.1	38.1	654.05
W760X161	756.92	266.7	13.843	19.304	35.814	38.1	654.05
W760X147	754.38	266.7	13.208	17.018	33.528	38.1	654.05
W760X134	749.3	264.16	11.938	15.494	32.004	36.576	654.05
W690X802	825.5	388.62	50.038	89.916	109.982	45.974	584.2
W690X548	772.16	373.38	35.052	62.992	83.058	47.752	584.2
W690X500	762	370.84	32.004	57.912	77.978	45.974	584.2
W690X457	751.84	365.76	29.464	53.086	73.152	45.974	584.2
W690X419	744.22	365.76	26.924	49.022	69.088	44.45	584.2
W690X384	736.6	363.22	24.892	44.958	65.024	42.926	584.2
W690X350	728.98	360.68	23.114	40.894	60.96	42.926	584.2
W690X323	721.36	358.14	21.082	38.1	58.166	41.402	584.2
W690X289	713.74	355.6	19.05	34.036	54.102	39.624	584.2
W690X265	706.12	358.14	18.415	30.226	50.292	39.624	584.2
W690X240	701.04	355.6	16.764	27.432	47.498	39.624	584.2
W690X217	695.96	355.6	15.367	24.765	44.704	38.1	584.2
W690X92	701.04	254	15.494	27.94	43.18	38.1	584.2
W690X170	693.42	256.54	14.478	23.622	38.862	38.1	584.2
W690X152	688.34	254	13.081	21.082	36.322	36.576	584.2
W690X140	683.26	254	12.446	18.923	34.036	36.576	584.2
W690X125	678.18	254	11.684	16.256	31.496	36.576	584.2
W610X551	711.2	347.98	38.608	69.088	81.788	50.8	508
W610X498	698.5	342.9	35.052	62.992	75.692	47.752	508
W610X455	688.34	340.36	32.004	57.912	70.612	45.974	508
W610X415	678.18	337.82	29.464	53.086	65.786	45.974	508
W610X372	668.02	335.28	26.416	48.006	60.706	44.45	508
W610X341	660.4	332.74	24.384	43.942	56.642	42.926	508
W610X307	652.78	330.2	22.098	39.878	52.578	41.402	508
W610X285	647.7	330.2	20.574	37.084	49.784	41.402	508
W610X262	640.08	327.66	19.05	34.036	46.736	39.624	508
W610X241	635	330.2	17.907	30.988	43.688	39.624	508
W610X217	627.38	327.66	16.51	27.686	40.386	39.624	508
W610X195	622.3	327.66	15.367	24.384	37.084	38.1	508
W610X174	617.22	325.12	13.97	21.59	34.29	38.1	508
W610X155	612.14	325.12	12.7	19.05	31.75	36.576	508
W610X153	622.3	228.6	13.97	24.892	37.592	38.1	508
W610X140	617.22	230.378	13.081	22.225	35.052	36.576	508
W610X125	612.14	229.108	11.938	19.558	32.258	36.576	508
W610X113	607.06	228.346	11.176	17.272	29.972	36.576	508
W610X101	601.98	227.838	10.541	14.859	27.686	36.576	508
W610X92	601.98	178.816	10.922	14.986	27.686	26.924	527.05
W610X82	599.44	178.054	10.033	12.827	25.654	25.4	527.05
W530X409	612.14	327.66	30.988	55.626	85.598	45.974	438.15
W530X369	601.98	325.12	27.94	50.546	80.518	44.45	438.15
W530X332	594.36	322.58	25.4	45.466	75.438	42.926	438.15
W530X300	584.2	320.04	23.114	41.402	54.102	42.926	438.15
W530X272	576.58	317.5	21.082	37.592	50.292	41.402	438.15
W530X248	571.5	314.96	19.05	34.544	47.244	39.624	438.15
W530X219	561.34	317.5	18.288	29.21	41.91	39.624	438.15
W530X196	553.72	314.96	16.51	26.416	39.116	39.624	438.15
W530X182	551.18	314.96	15.24	24.384	37.084	38.1	438.15
W530X165	546.1	312.42	13.97	22.225	35.052	38.1	438.15
W530X150	543.56	312.42	12.7	20.32	33.02	36.576	438.15
W530X138	548.64	213.868	14.732	23.622	36.322	23.876	466.852
W530X123	543.56	212.344	13.081	21.209	34.036	22.352	466.852
W530X109	538.48	210.82	11.557	18.796	31.496	22.352	466.852
W530X101	535.94	210.058	10.922	17.399	30.226	22.352	466.852
W530X92	533.4	209.296	10.16	15.621	28.448	20.574	466.852
W530X82	528.32	208.788	9.525	13.2588	25.908	20.574	466.852
W530X72	523.24	206.756	8.89	10.922	23.622	20.574	466.852
W530X85	535.94	166.624	10.287	16.51	29.21	20.574	466.852
W530X74	528.32	165.862	9.652	13.589	26.416	20.574	466.852
W530X66	525.78	165.1	8.89	11.43	24.13	20.574	466.852
W460X464	566.42	304.8	38.608	69.596	82.296	39.624	384.302
W460X421	556.26	302.26	35.56	63.5	76.2	38.1	384.302
W460X384	546.1	299.72	32.512	58.42	68.58	36.576	384.302
W460X349	535.94	297.18	29.464	53.594	63.754	35.052	384.302
W460X315	525.78	294.64	26.924	48.514	58.674	35.052	384.302
W460X286	518.16	292.1	24.384	44.45	54.61	33.274	384.302
W460X260	508	289.56	22.606	40.386	50.546	31.75	384.302
W460X235	500.38	287.02	20.574	36.576	46.736	31.75	384.302
W460X213	495.3	284.48	18.542	33.528	43.688	30.226	384.302
W460X193	490.22	284.48	17.018	30.48	40.64	30.226	384.302
W460X177	482.6	287.02	16.637	26.924	37.084	30.226	384.302
W460X158	474.98	284.48	14.986	23.876	34.036	28.702	384.302
W460X144	472.44	281.94	13.589	22.098	32.258	28.702	384.302
W460X128	467.36	281.94	12.192	19.558	29.718	26.924	384.302
W460X113	462.28	279.4	10.795	17.272	27.432	26.924	384.302
W460X106	469.9	194.056	12.573	20.574	30.734	22.352	393.7
W460X97	467.36	192.786	11.43	19.05	29.21	22.352	393.7
W460X89	462.28	192.024	10.541	17.653	27.94	20.574	393.7
W460X82	459.74	191.262	9.906	16.002	26.162	20.574	393.7
W460X74	457.2	190.5	9.017	14.478	24.6888	20.574	393.7
W460X68	459.74	153.924	9.144	15.367	25.654	20.574	393.7
W460X60	454.66	152.908	8.001	13.335	23.5458	20.574	393.7
W460X52	449.58	152.4	7.62	10.795	21.0058	19.05	393.7
W410X149	431.8	264.16	14.859	25.019	35.306	28.702	336.55
W410X132	426.72	264.16	13.335	22.225	32.512	26.924	336.55
W410X114	419.1	261.62	11.557	19.304	29.464	26.924	336.55
W410X100	414.02	259.08	10.033	16.891	27.178	25.4	336.55
W410X85	416.56	180.848	10.922	18.161	28.448	22.352	346.202
W410X75	414.02	179.578	9.652	16.002	26.162	20.574	346.202
W410X67	408.94	178.816	8.763	14.351	24.5618	20.574	346.202
W410X60	406.4	177.8	7.747	12.827	23.0378	20.574	346.202
W410X53	403.86	177.546	7.493	10.922	21.1328	19.05	346.202
W410X46.1	403.86	140.462	6.985	11.176	21.3868	19.05	346.202
W410X38.8	398.78	139.7	6.35	8.763	18.9738	19.05	346.202
W360X1299	599.44	477.52	100.076	139.954	154.94	65.024	285.75
W360X1202	579.12	472.44	94.996	130.048	145.034	63.5	285.75
W360X1086	568.96	454.66	77.978	124.714	139.954	69.85	254
W360X990	548.64	449.58	71.882	114.808	130.048	66.802	254
W360X900	530.86	441.96	66.04	105.664	120.904	63.5	254
W360X818	513.08	436.88	60.452	97.028	112.268	60.452	254
W360X744	497.84	431.8	55.626	88.9	104.14	58.674	254
W360X677	482.6	426.72	51.308	81.534	96.774	57.15	254
W360X634	474.98	424.18	47.752	77.216	92.202	54.102	254
W360X592	464.82	421.64	44.958	72.39	87.376	54.102	254
W360X551	454.66	419.1	42.164	67.564	82.804	52.324	254
W360X509	444.5	416.56	39.116	62.738	77.978	50.8	254
W360X463	434.34	411.48	35.814	57.404	72.644	49.276	254
W360X421	424.18	408.94	32.766	52.578	67.818	47.752	254
W360X382	416.56	406.4	29.972	48.006	63.246	45.974	254
W360X347	406.4	403.86	27.178	43.688	58.928	44.45	254
W360X314	398.78	401.32	24.892	39.624	54.864	42.926	254
W360X287	393.7	398.78	22.606	36.576	51.816	42.926	254
W360X262	386.08	398.78	21.082	33.274	48.514	41.402	254
W360X237	381	396.24	18.923	30.226	45.466	39.624	254
W360X216	375.92	393.7	17.272	27.686	42.926	39.624	254
W360X196	373.38	373.38	16.383	26.162	41.402	39.624	254
W360X179	368.3	373.38	14.986	23.876	39.116	38.1	254
W360X162	363.22	370.84	13.335	21.844	37.084	38.1	254
W360X147	360.68	370.84	12.319	19.812	35.052	36.576	254
W360X134	355.6	368.3	11.176	18.034	33.274	36.576	254
W360X122	363.22	256.54	12.954	21.717	36.83	26.924	276.352
W360X110	360.68	256.54	11.43	19.939	35.052	26.924	276.352
W360X101	355.6	254	10.541	18.288	33.274	26.924	276.352
W360X91	353.06	254	9.525	16.383	31.496	25.4	276.352
W360X79	353.06	204.724	9.398	16.764	31.75	25.4	276.352
W360X72	350.52	203.962	8.636	15.113	30.226	25.4	276.352
W360X64	347.98	203.2	7.747	13.462	28.448	25.4	276.352
W360X58	358.14	171.958	7.874	13.081	23.241	20.574	295.402
W360X51	355.6	171.45	7.239	11.557	21.717	19.05	295.402
W360X44.6	350.52	170.942	6.858	9.779	19.939	19.05	295.402
W360X39	353.06	127.762	6.477	10.668	20.828	19.05	295.402
W360X32.9	347.98	127	5.842	8.509	18.669	19.05	295.402
W310X500	426.72	340.36	45.212	75.184	90.17	42.926	231.902
W310X454	414.02	335.28	41.402	68.834	83.82	41.402	231.902
W310X415	403.86	332.74	38.862	62.738	77.978	41.402	231.902
W310X375	391.16	330.2	35.56	57.15	72.39	38.1	231.902
W310X342	383.54	327.66	32.766	52.578	67.818	38.1	231.902
W310X313	373.38	325.12	29.972	48.26	63.5	36.576	231.902
W310X283	365.76	322.58	26.924	44.196	59.182	35.052	231.902
W310X253	355.6	320.04	24.384	39.624	54.864	33.274	231.902
W310X226	347.98	317.5	22.098	35.56	50.8	31.75	231.902
W310X202	340.36	314.96	20.066	31.75	46.99	31.75	231.902
W310X179	332.74	312.42	18.034	28.194	43.18	30.226	231.902
W310X158	327.66	309.88	15.494	25.146	40.386	28.702	231.902
W310X143	322.58	309.88	13.97	22.86	38.1	28.702	231.902
W310X129	317.5	307.34	13.081	20.574	35.814	26.924	231.902
W310X117	314.96	307.34	11.938	18.669	33.782	26.924	231.902
W310X107	312.42	304.8	10.922	17.018	32.258	26.924	231.902
W310X97	307.34	304.8	9.906	15.367	30.48	25.4	231.902
W310X86	309.88	254	9.144	16.256	31.496	23.876	234.95
W310X79	307.34	254	8.763	14.605	29.972	23.876	234.95
W310X74	309.88	205.232	9.398	16.256	28.956	23.876	234.95
W310X67	307.34	204.47	8.509	14.605	27.432	23.876	234.95
W310X60	302.26	203.454	7.493	13.081	25.908	22.352	234.95
W310X52	317.5	166.624	7.62	13.208	20.828	19.05	257.302
W310X44.5	312.42	165.608	6.604	11.176	18.796	19.05	257.302
W310X38.7	309.88	164.846	5.842	9.652	17.272	19.05	257.302
W310X32.7	312.42	102.362	6.604	10.795	18.415	16.002	263.652
W310X28.3	309.88	101.854	5.969	8.89	16.51	14.224	263.652
W310X23.8	304.8	101.346	5.588	6.731	14.351	14.224	263.652
W310X21.0	302.26	100.838	5.08	5.715	13.335	14.224	263.652
W250X167	289.56	264.16	19.177	31.75	44.45	25.4	190.5
W250X149	281.94	261.62	17.272	28.448	41.148	25.4	190.5
W250X131	274.32	261.62	15.367	25.146	37.846	23.876	190.5
W250X115	269.24	259.08	13.462	22.098	34.798	22.352	190.5
W250X101	264.16	256.54	11.938	19.558	32.258	22.352	190.5
W250X89	259.08	256.54	10.668	17.272	29.972	20.574	190.5
W250X80	256.54	254	9.398	15.621	28.448	20.574	190.5
W250X73	254	254	8.636	14.224	26.924	20.574	190.5
W250X67	256.54	203.708	8.89	15.748	28.448	20.574	190.5
W250X58	251.968	202.946	8.001	13.462	26.162	20.574	190.5
W250X49.1	247.142	202.184	7.366	11.049	23.749	19.05	190.5
W250X44.8	266.7	147.574	7.62	12.954	20.574	17.526	209.55
W250X38.5	261.62	146.558	6.604	11.176	18.796	17.526	209.55
W250X32.7	259.08	146.05	6.096	9.144	16.764	16.002	209.55
W250X28.4	259.08	102.108	6.35	10.033	17.653	16.002	212.852
W250X25.3	256.54	101.854	6.096	8.382	16.002	14.224	212.852
W250X22.3	253.746	101.6	5.842	6.858	14.478	14.224	212.852
W250X17.9	250.698	100.584	4.826	5.334	12.954	14.224	212.852
W200X100	228.6	210.312	14.478	23.749	33.782	23.876	146.05
W200X86	222.25	208.788	12.954	20.574	30.48	22.352	146.05
W200X71	215.9	205.994	10.16	17.399	27.432	20.574	146.05
W200X59	209.55	204.978	9.144	14.224	24.2316	20.574	146.05
W200X52	206.248	203.708	7.874	12.573	22.5806	20.574	146.05
W200X46.1	203.2	203.2	7.239	11.049	21.0566	19.05	146.05
W200X41.7	204.724	166.116	7.239	11.811	21.8186	16.002	155.702
W200X35.9	201.422	165.1	6.223	10.16	20.1676	14.224	155.702
W200X31.3	210.312	133.858	6.35	10.16	17.78	14.224	165.1
W200X26.6	206.756	133.35	5.842	8.382	16.002	14.224	165.1
W200X22.5	205.994	102.108	6.223	8.001	15.621	14.224	165.1
W200X19.3	202.946	101.6	5.842	6.477	14.097	14.224	165.1
W200X15.0	200.406	100.076	4.318	5.207	12.827	12.7	165.1
W150X37.1	162.052	154.432	8.128	11.557	17.907	14.224	114.3
W150X29.8	157.48	152.908	6.604	9.271	15.621	14.224	114.3
W150X22.5	152.146	152.146	5.842	6.604	12.954	14.224	114.3
W150X24.0	159.512	102.362	6.604	10.287	16.637	14.224	114.3
W150X18.0	153.162	101.6	5.842	7.112	13.462	14.224	114.3
W150X13.5	149.86	100.076	4.318	5.461	11.811	12.7	114.3
W150X13.0	148.082	100.076	4.318	4.953	11.303	12.7	114.3
W130X28.1	130.81	127.762	6.858	10.922	18.542	11.176	88.9
W130X23.8	127.254	127	6.096	9.144	16.764	11.176	88.9
W100X19.3	105.664	103.124	7.112	8.763	15.113	12.7	66.802
M318X18.5	317.5	95.25	3.937	5.7912	14.3002	9.652	289.052
M318X17.3	317.5	88.9	3.937	5.3594	14.3002	9.652	289.052
M310X17.6	304.8	77.978	4.4958	5.715	14.3002	9.652	276.352
M310X16.1	304.8	77.978	4.064	5.334	14.3002	9.652	276.352
M310x14.9	304.8	82.55	3.7846	4.572	12.7	9.652	279.4
M250X13.4	254	68.326	3.9878	5.2324	14.3002	9.652	225.552
M250X11.9	252.73	68.326	3.5814	4.6228	14.3002	9.652	225.552
M250X11.2	253.746	68.326	3.302	4.3942	11.1252	7.874	231.902
M200X9.7	203.2	57.912	3.429	4.8006	14.3002	9.652	174.752
M200X9.2	203.2	57.912	3.2766	4.4958	11.1252	6.35	181.102
M150X6.6	152.4	46.736	2.8956	4.3434	9.525	6.35	133.35
M150X5.5	150.368	50.8	2.4892	3.2766	7.9502	6.35	133.35
M130X28.1	127	127	8.0264	10.5664	20.6502	12.7	85.852
M100X8.9	96.52	96.52	3.302	4.064	12.7	9.652	69.85
M100X6.1	101.6	57.15	2.921	4.318	14.3002	9.652	73.152
M100X5.1	101.6	57.15	2.3368	3.302	12.7	9.652	76.2
M100X4.8	101.6	57.15	2.3368	3.302	12.7	9.652	76.2
M75X4.3	76.2	57.15	2.286	3.302	12.7	9.652	50.8
HP460X304	464.82	459.74	28.702	28.702	58.7502	44.45	342.9
HP460X269	457.2	457.2	25.4	25.4	55.5752	42.926	342.9
HP460X234	449.58	454.66	22.098	22.098	52.4002	41.402	342.9
HP460X202	444.5	452.12	19.05	19.05	49.2252	39.624	342.9
HP410X272	419.1	414.02	28.702	28.702	58.7502	44.45	298.45
HP410X242	414.02	408.94	25.4	25.4	55.5752	42.926	298.45
HP410X211	406.4	406.4	22.225	22.225	52.4002	41.402	298.45
HP410X181	401.32	403.86	19.05	19.05	49.2252	39.624	298.45
HP410X151	393.7	401.32	15.875	15.875	46.0502	38.1	298.45
HP410X131	388.62	398.78	13.716	13.716	44.45	36.576	298.45
HP360X174	360.68	378.46	20.447	20.447	52.4002	41.402	285.75
HP360X152	355.6	375.92	17.907	17.907	49.2252	39.624	285.75
HP360X132	350.52	373.38	15.621	15.621	47.625	38.1	285.75
HP360X108	345.44	370.84	12.827	12.827	44.45	36.576	285.75
HP310X132	314.96	312.42	18.288	18.288	41.275	30.226	241.3
HP310X125	312.42	312.42	17.399	17.399	39.7002	30.226	241.3
HP310X110	307.34	309.88	15.367	15.494	38.1	28.702	241.3
HP310X93	302.26	307.34	13.081	13.081	36.5252	26.924	241.3
HP310X79	299.72	304.8	11.049	11.049	33.3502	26.924	241.3
HP250X85	253.746	259.08	14.351	14.351	31.75	23.876	190.5
HP250X62	246.38	256.54	10.541	10.668	28.575	20.574	190.5
HP200X53	203.708	207.264	11.303	11.303	28.575	22.352	146.05