% American Institute of Steel Construction, 2017.  All values are inches raised to the appropriate power.
% Shape, D, B, t2, t1, k
WT22X167.5	22.0	15.9	1.03	1.77	2.56
WT22X145	21.8	15.8	0.865	1.58	2.36
WT22X131	21.7	15.8	0.785	1.42	2.20
WT22X115	21.5	15.8	0.710	1.22	2.01
WT20X327.5	21.8	16.9	1.97	3.54	4.72
WT20X296.5	21.5	16.7	1.79	3.23	4.41
WT20X251.5	21.0	16.4	1.54	2.76	3.94
WT20X215.5	20.6	16.2	1.34	2.36	3.54
WT20X198.5	20.5	16.1	1.22	2.20	3.38
WT20X186	20.3	16.1	1.16	2.05	3.23
WT20X181	20.3	16.0	1.12	2.01	3.19
WT20X162	20.1	15.9	1.00	1.81	2.99
WT20X148.5	19.9	15.8	0.930	1.65	2.83
WT20X138.5	19.8	15.8	0.830	1.58	2.76
WT20X124.5	19.7	15.8	0.750	1.42	2.60
WT20X107.5	19.5	15.8	0.650	1.22	2.40
WT20X99.5	19.3	15.8	0.650	1.07	2.25
WT20X196	20.8	12.4	1.42	2.52	3.70
WT20X165.5	20.4	12.2	1.22	2.13	3.31
WT20X163.5	20.4	12.1	1.18	2.13	3.31
WT20X147	20.2	12.0	1.06	1.93	3.11
WT20X139	20.1	12.0	1.03	1.81	2.99
WT20X132	20.0	11.9	0.960	1.73	2.91
WT20X117.5	19.8	11.9	0.830	1.58	2.76
WT20X105.5	19.7	11.8	0.750	1.42	2.60
WT20X91.5	19.5	11.8	0.650	1.20	2.38
WT20X83.5	19.3	11.8	0.650	1.03	2.21
WT20X74.5	19.1	11.8	0.630	0.830	2.01
WT18X462.5	21.6	18.6	3.02	4.53	5.28
WT18X426.5	21.6	18.2	2.52	4.53	5.28
WT18X401	21.3	18.0	2.38	4.29	5.04
WT18X361.5	20.9	17.8	2.17	3.90	4.65
WT18X326	20.5	17.6	1.97	3.54	4.49
WT18X264.5	19.9	17.2	1.61	2.91	3.86
WT18X243.5	19.7	17.1	1.50	2.68	3.63
WT18X220.5	19.4	17.0	1.36	2.44	3.39
WT18X197.5	19.2	16.8	1.22	2.20	3.15
WT18X180.5	19.0	16.7	1.12	2.01	2.96
WT18X165	18.8	16.6	1.02	1.85	2.80
WT18X151	18.7	16.7	0.945	1.68	2.63
WT18X141	18.6	16.6	0.885	1.57	2.52
WT18X131	18.4	16.6	0.840	1.44	2.39
WT18X123.5	18.3	16.5	0.800	1.35	2.30
WT18X115.5	18.2	16.5	0.760	1.26	2.21
WT18X128	18.7	12.2	0.960	1.73	2.48
WT18X116	18.6	12.1	0.870	1.57	2.32
WT18X105	18.3	12.2	0.830	1.36	2.11
WT18X97	18.2	12.1	0.765	1.26	2.01
WT18X91	18.2	12.1	0.725	1.18	1.93
WT18X85	18.1	12.0	0.680	1.10	1.85
WT18X80	18.0	12.0	0.650	1.02	1.77
WT18X75	17.9	12.0	0.625	0.940	1.69
WT18X67.5	17.8	12.0	0.600	0.790	1.54
WT16.5X193.5	18.0	16.2	1.26	2.28	3.07
WT16.5X177	17.8	16.1	1.16	2.09	2.88
WT16.5X159	17.6	16.0	1.04	1.89	2.68
WT16.5X145.5	17.4	15.9	0.960	1.73	2.52
WT16.5X131.5	17.3	15.8	0.870	1.57	2.36
WT16.5X120.5	17.1	15.9	0.830	1.40	2.19
WT16.5X110.5	17.0	15.8	0.775	1.28	2.06
WT16.5X100.5	16.8	15.7	0.715	1.15	1.94
WT16.5X84.5	16.9	11.5	0.670	1.22	1.92
WT16.5X76	16.7	11.6	0.635	1.06	1.76
WT16.5X70.5	16.7	11.5	0.605	0.960	1.66
WT16.5X65	16.5	11.5	0.580	0.855	1.56
WT16.5X59	16.4	11.5	0.550	0.740	1.44
WT15X195.5	16.6	15.6	1.36	2.44	3.23
WT15X178.5	16.4	15.5	1.24	2.24	3.03
WT15X163	16.2	15.4	1.14	2.05	2.84
WT15X146	16.0	15.3	1.02	1.85	2.64
WT15X130.5	15.8	15.2	0.930	1.65	2.44
WT15X117.5	15.7	15.1	0.830	1.50	2.29
WT15X105.5	15.5	15.1	0.775	1.32	2.10
WT15X95.5	15.3	15.0	0.710	1.19	1.97
WT15X86.5	15.2	15.0	0.655	1.07	1.85
WT15X74	15.3	10.5	0.650	1.18	1.83
WT15X66	15.2	10.5	0.615	1.00	1.65
WT15X62	15.1	10.5	0.585	0.930	1.58
WT15X58	15.0	10.5	0.565	0.850	1.50
WT15X54	14.9	10.5	0.545	0.760	1.41
WT15X49.5	14.8	10.5	0.520	0.670	1.32
WT15X45	14.8	10.4	0.470	0.610	1.26
WT13.5X269.5	16.3	15.3	1.97	3.54	4.33
WT13.5X184	15.2	14.7	1.38	2.48	3.27
WT13.5X168	15.0	14.6	1.26	2.28	3.07
WT13.5X153.5	14.8	14.4	1.16	2.09	2.88
WT13.5X140.5	14.6	14.4	1.06	1.93	2.72
WT13.5X129	14.5	14.3	0.980	1.77	2.56
WT13.5X117.5	14.3	14.2	0.910	1.61	2.40
WT13.5X108.5	14.2	14.1	0.830	1.50	2.29
WT13.5X97	14.1	14.0	0.750	1.34	2.13
WT13.5X89	13.9	14.1	0.725	1.19	1.98
WT13.5X80.5	13.8	14.0	0.660	1.08	1.87
WT13.5X73	13.7	14.0	0.605	0.975	1.76
WT13.5X64.5	13.8	10.0	0.610	1.10	1.70
WT13.5X57	13.6	10.1	0.570	0.930	1.53
WT13.5X51	13.5	10.0	0.515	0.830	1.43
WT13.5X47	13.5	10.0	0.490	0.745	1.34
WT13.5X42	13.4	10.0	0.460	0.640	1.24
WT12X185	14.0	13.7	1.52	2.72	3.22
WT12X167.5	13.8	13.5	1.38	2.48	2.98
WT12X153	13.6	13.4	1.26	2.28	2.78
WT12X139.5	13.4	13.3	1.16	2.09	2.59
WT12X125	13.2	13.2	1.04	1.89	2.39
WT12X114.5	13.0	13.1	0.960	1.73	2.23
WT12X103.5	12.9	13.0	0.870	1.57	2.07
WT12X96	12.7	13.0	0.810	1.46	1.96
WT12X88	12.6	12.9	0.750	1.34	1.84
WT12X81	12.5	13.0	0.705	1.22	1.72
WT12X73	12.4	12.9	0.650	1.09	1.59
WT12X65.5	12.2	12.9	0.605	0.960	1.46
WT12X58.5	12.1	12.8	0.550	0.850	1.35
WT12X52	12.0	12.8	0.500	0.750	1.25
WT12X51.5	12.3	9.00	0.550	0.980	1.48
WT12X47	12.2	9.07	0.515	0.875	1.38
WT12X42	12.1	9.02	0.470	0.770	1.27
WT12X38	12.0	8.99	0.440	0.680	1.18
WT12X34	11.9	8.97	0.415	0.585	1.09
WT12X31	11.9	7.04	0.430	0.590	1.09
WT12X27.5	11.8	7.01	0.395	0.505	1.01
WT10.5X137.5	12.1	12.9	1.22	2.19	3.37
WT10.5X124	11.9	12.8	1.10	1.99	3.17
WT10.5X111.5	11.7	12.7	1.00	1.79	2.97
WT10.5X100.5	11.5	12.6	0.910	1.63	2.13
WT10.5X91	11.4	12.5	0.830	1.48	1.98
WT10.5X83	11.2	12.4	0.750	1.36	1.86
WT10.5X73.5	11.0	12.5	0.720	1.15	1.65
WT10.5X66	10.9	12.4	0.650	1.04	1.54
WT10.5X61	10.8	12.4	0.600	0.960	1.46
WT10.5X55.5	10.8	12.3	0.550	0.875	1.38
WT10.5X50.5	10.7	12.3	0.500	0.800	1.30
WT10.5X46.5	10.8	8.42	0.580	0.930	1.43
WT10.5X41.5	10.7	8.36	0.515	0.835	1.34
WT10.5X36.5	10.6	8.30	0.455	0.740	1.24
WT10.5X34	10.6	8.27	0.430	0.685	1.19
WT10.5X31	10.5	8.24	0.400	0.615	1.12
WT10.5X27.5	10.4	8.22	0.375	0.522	1.02
WT10.5X24	10.3	8.14	0.350	0.430	0.930
WT10.5X28.5	10.5	6.56	0.405	0.650	1.15
WT10.5X25	10.4	6.53	0.380	0.535	1.04
WT10.5X22	10.3	6.50	0.350	0.450	0.950
WT9X155.5	11.2	12.0	1.52	2.74	3.24
WT9X141.5	10.9	11.9	1.40	2.50	3.00
WT9X129	10.7	11.8	1.28	2.30	2.70
WT9X117	10.5	11.7	1.16	2.11	2.51
WT9X105.5	10.3	11.6	1.06	1.91	2.31
WT9X96	10.2	11.5	0.960	1.75	2.15
WT9X87.5	10.0	11.4	0.890	1.59	1.99
WT9X79	9.86	11.3	0.810	1.44	1.84
WT9X71.5	9.75	11.2	0.730	1.32	1.72
WT9X65	9.63	11.2	0.670	1.20	1.60
WT9X59.5	9.49	11.3	0.655	1.06	1.46
WT9X53	9.37	11.2	0.590	0.940	1.34
WT9X48.5	9.30	11.1	0.535	0.870	1.27
WT9X43	9.20	11.1	0.480	0.770	1.17
WT9X38	9.11	11.0	0.425	0.680	1.08
WT9X35.5	9.24	7.64	0.495	0.810	1.21
WT9X32.5	9.18	7.59	0.450	0.750	1.15
WT9X30	9.12	7.56	0.415	0.695	1.10
WT9X27.5	9.06	7.53	0.390	0.630	1.03
WT9X25	9.00	7.50	0.355	0.570	0.972
WT9X23	9.03	6.06	0.360	0.605	1.01
WT9X20	8.95	6.02	0.315	0.525	0.927
WT9X17.5	8.85	6.00	0.300	0.425	0.827
WT8X50	8.49	10.4	0.585	0.985	1.39
WT8X44.5	8.38	10.4	0.525	0.875	1.28
WT8X38.5	8.26	10.3	0.455	0.760	1.16
WT8X33.5	8.17	10.2	0.395	0.665	1.07
WT8X28.5	8.22	7.12	0.430	0.715	1.12
WT8X25	8.13	7.07	0.380	0.630	1.03
WT8X22.5	8.07	7.04	0.345	0.565	0.967
WT8X20	8.01	7.00	0.305	0.505	0.907
WT8X18	7.93	6.99	0.295	0.430	0.832
WT8X15.5	7.94	5.53	0.275	0.440	0.842
WT8X13	7.85	5.50	0.250	0.345	0.747
WT7X436.5	11.8	18.8	3.94	5.51	6.10
WT7X404	11.4	18.6	3.74	5.12	5.71
WT7X365	11.2	17.9	3.07	4.91	5.51
WT7X332.5	10.8	17.7	2.83	4.52	5.12
WT7X302.5	10.5	17.4	2.60	4.16	4.76
WT7X275	10.1	17.2	2.38	3.82	4.42
WT7X250	9.80	17.0	2.19	3.50	4.10
WT7X227.5	9.51	16.8	2.02	3.21	3.81
WT7X213	9.34	16.7	1.88	3.04	3.63
WT7X199	9.15	16.6	1.77	2.85	3.44
WT7X185	8.96	16.5	1.66	2.66	3.26
WT7X171	8.77	16.4	1.54	2.47	3.07
WT7X155.5	8.56	16.2	1.41	2.26	2.86
WT7X141.5	8.37	16.1	1.29	2.07	2.67
WT7X128.5	8.19	16.0	1.18	1.89	2.49
WT7X116.5	8.02	15.9	1.07	1.72	2.32
WT7X105.5	7.86	15.8	0.980	1.56	2.16
WT7X96.5	7.74	15.7	0.890	1.44	2.04
WT7X88	7.61	15.7	0.830	1.31	1.91
WT7X79.5	7.49	15.6	0.745	1.19	1.79
WT7X72.5	7.39	15.5	0.680	1.09	1.69
WT7X66	7.33	14.7	0.645	1.03	1.63
WT7X60	7.24	14.7	0.590	0.940	1.54
WT7X54.5	7.16	14.6	0.525	0.860	1.46
WT7X49.5	7.08	14.6	0.485	0.780	1.38
WT7X45	7.01	14.5	0.440	0.710	1.31
WT7X41	7.16	10.1	0.510	0.855	1.45
WT7X37	7.09	10.1	0.450	0.785	1.38
WT7X34	7.02	10.0	0.415	0.720	1.31
WT7X30.5	6.95	10.0	0.375	0.645	1.24
WT7X26.5	6.96	8.06	0.370	0.660	1.25
WT7X24	6.90	8.03	0.340	0.595	1.19
WT7X21.5	6.83	8.00	0.305	0.530	1.12
WT7X19	7.05	6.77	0.310	0.515	0.915
WT7X17	6.99	6.75	0.285	0.455	0.855
WT7X15	6.92	6.73	0.270	0.385	0.785
WT7X13	6.96	5.03	0.255	0.420	0.820
WT7X11	6.87	5.00	0.230	0.335	0.735
WT6X168	8.41	13.4	1.78	2.96	3.55
WT6X152.5	8.16	13.2	1.63	2.71	3.30
WT6X139.5	7.93	13.1	1.53	2.47	3.07
WT6X126	7.71	13.0	1.40	2.25	2.85
WT6X115	7.53	12.9	1.29	2.07	2.67
WT6X105	7.36	12.8	1.18	1.90	2.50
WT6X95	7.19	12.7	1.06	1.74	2.33
WT6X85	7.02	12.6	0.960	1.56	2.16
WT6X76	6.86	12.5	0.870	1.40	2.00
WT6X68	6.71	12.4	0.790	1.25	1.85
WT6X60	6.56	12.3	0.710	1.11	1.70
WT6X53	6.45	12.2	0.610	0.990	1.59
WT6X48	6.36	12.2	0.550	0.900	1.50
WT6X43.5	6.27	12.1	0.515	0.810	1.41
WT6X39.5	6.19	12.1	0.470	0.735	1.33
WT6X36	6.13	12.0	0.430	0.670	1.27
WT6X32.5	6.06	12.0	0.390	0.605	1.20
WT6X29	6.10	10.0	0.360	0.640	1.24
WT6X26.5	6.03	10.0	0.345	0.575	1.18
WT6X25	6.10	8.08	0.370	0.640	1.14
WT6X22.5	6.03	8.05	0.335	0.575	1.08
WT6X20	5.97	8.01	0.295	0.515	1.02
WT6X17.5	6.25	6.56	0.300	0.520	0.820
WT6X15	6.17	6.52	0.260	0.440	0.740
WT6X13	6.11	6.49	0.230	0.380	0.680
WT6X11	6.16	4.03	0.260	0.425	0.725
WT6X9.5	6.08	4.01	0.235	0.350	0.650
WT6X8	6.00	3.99	0.220	0.265	0.565
WT6X7	5.96	3.97	0.200	0.225	0.525
WT5X56	5.68	10.4	0.755	1.25	1.75
WT5X50	5.55	10.3	0.680	1.12	1.62
WT5X44	5.42	10.3	0.605	0.990	1.49
WT5X38.5	5.30	10.2	0.530	0.870	1.37
WT5X34	5.20	10.1	0.470	0.770	1.27
WT5X30	5.11	10.1	0.420	0.680	1.18
WT5X27	5.05	10.0	0.370	0.615	1.12
WT5X24.5	4.99	10.0	0.340	0.560	1.06
WT5X22.5	5.05	8.02	0.350	0.620	1.12
WT5X19.5	4.96	7.99	0.315	0.530	1.03
WT5X16.5	4.87	7.96	0.290	0.435	0.935
WT5X15	5.24	5.81	0.300	0.510	0.810
WT5X13	5.17	5.77	0.260	0.440	0.740
WT5X11	5.09	5.75	0.240	0.360	0.660
WT5X9.5	5.12	4.02	0.250	0.395	0.695
WT5X8.5	5.06	4.01	0.240	0.330	0.630
WT5X7.5	5.00	4.00	0.230	0.270	0.570
WT5X6	4.94	3.96	0.190	0.210	0.510
WT4X33.5	4.50	8.28	0.570	0.935	1.33
WT4X29	4.38	8.22	0.510	0.810	1.20
WT4X24	4.25	8.11	0.400	0.685	1.08
WT4X20	4.13	8.07	0.360	0.560	0.954
WT4X17.5	4.06	8.02	0.310	0.495	0.889
WT4X15.5	4.00	8.00	0.285	0.435	0.829
WT4X14	4.03	6.54	0.285	0.465	0.859
WT4X12	3.97	6.50	0.245	0.400	0.794
WT4X10.5	4.14	5.27	0.250	0.400	0.700
WT4X9	4.07	5.25	0.230	0.330	0.630
WT4X7.5	4.06	4.02	0.245	0.315	0.615
WT4X6.5	4.00	4.00	0.230	0.255	0.555
WT4X5	3.95	3.94	0.170	0.205	0.505
WT3X12.5	3.19	6.08	0.320	0.455	0.705
WT3X10	3.10	6.02	0.260	0.365	0.615
WT3X7.5	3.00	5.99	0.230	0.260	0.510
WT3X8	3.14	4.03	0.260	0.405	0.655
WT3X6	3.02	4.00	0.230	0.280	0.530
WT3X4.5	2.95	3.94	0.170	0.215	0.465
WT3X4.25	2.92	3.94	0.170	0.195	0.445
WT2.5X9.5	2.58	5.03	0.270	0.430	0.730
WT2.5X8	2.51	5.00	0.240	0.360	0.660
WT2X6.5	2.08	4.06	0.280	0.345	0.595
MT6.25X6.2	6.27	3.75	0.155	0.228	0.563
MT6.25X5.8	6.25	3.50	0.155	0.211	0.563
MT6X5.9	6.00	3.07	0.177	0.225	0.563
MT6X5.4	5.99	3.07	0.160	0.210	0.563
MT6X5	5.99	3.25	0.149	0.180	0.500
MT5X4.5	5.00	2.69	0.157	0.206	0.563
MT5X4	4.98	2.69	0.141	0.182	0.563
MT5X3.75	5.00	2.69	0.130	0.173	0.438
MT4X3.25	4.00	2.28	0.135	0.189	0.563
MT4X3.1	4.00	2.28	0.129	0.177	0.438
MT3X2.2	3.00	1.84	0.114	0.171	0.375
MT3X1.85	2.96	2.00	0.0980	0.129	0.313
MT2.5X9.45	2.50	5.00	0.316	0.416	0.813
MT2X3	1.90	3.80	0.130	0.160	0.500
ST12X60.5	12.3	8.05	1.09	0.800	2
ST12X53	12.3	7.87	1.09	0.620	2
ST12X50	12.0	7.25	0.870	0.745	1.750
ST12X45	12.0	7.13	0.870	0.625	1.750
ST12X40	12.0	7.00	0.870	0.500	1.750
ST10X48	10.2	7.20	0.920	0.800	1.750
ST10X43	10.2	7.06	0.920	0.660	1.750
ST10X37.5	10.0	6.39	0.795	0.635	1.625
ST10X33	10.0	6.26	0.795	0.505	1.625
ST9X35	9.00	6.25	0.691	0.711	1.500
ST9X27.35	9.00	6.00	0.691	0.461	1.500
ST7.5X25	7.50	5.64	0.622	0.550	1.375
ST7.5X21.45	7.50	5.50	0.622	0.411	1.375
ST6X25	6.00	5.48	0.659	0.687	1.438
ST6X20.4	6.00	5.25	0.659	0.462	1.438
ST6X17.5	6.00	5.08	0.544	0.428	1.188
ST6X15.9	6.00	5.00	0.544	0.350	1.188
ST5X17.5	5.00	4.94	0.491	0.594	1.125
ST5X12.7	5.00	4.66	0.491	0.311	1.125
ST4X11.5	4.00	4.17	0.425	0.441	1
ST4X9.2	4.00	4.00	0.425	0.271	1
ST3X8.6	3.00	3.57	0.359	0.465	0.813
ST3X6.25	3.00	3.33	0.359	0.232	0.813
ST2.5X5	2.50	3.00	0.326	0.214	0.750
ST2X4.75	2.00	2.80	0.293	0.326	0.750
ST2X3.85	2.00	2.66	0.293	0.193	0.750
ST1.5X3.75	1.50	2.51	0.260	0.349	0.625
ST1.5X2.85	1.50	2.33	0.260	0.170	0.625